accommodation <-
structure(c(39632L, 42648L, 44986L, 47070L, 49832L, 54246L, 56769L, 
57968L, 58765L, 62448L, 65919L, 66308L, 65318L, 69012L, 67734L, 
71266L, 72275L, 73089L, 69502L, 70463L, NA, 70288L, 71025L, 71480L, 
71157L, 71506L, 72204L, 70783L, 70579L, 72176L, 72307L, 72274L, 
73220L, 74177L, 75188L, 74988L, 77731L, 74650L, 25352L, 25851L, 
27363L, 28546L, 30065L, 34334L, 33967L, 33492L, 34354L, 36848L, 
38600L, 39010L, 38185L, 37841L, 36467L, 36899L, 36623L, 36851L, 
36604L, 36194L, NA, 36146L, 35971L, 36206L, 35861L, 36303L, 36824L, 
36457L, 35541L, 35769L, 33926L, 33606L, 33588L, 34081L, 34027L, 
33782L, 35001L, 35126L, 5348L, 6045L, 5929L, 6002L, 6093L, 5889L, 
6705L, 7167L, 7469L, 7149L, 7511L, 7280L, 7328L, 8823L, 8161L, 
8952L, 9383L, 9170L, 9140L, 9595L, NA, 9558L, 9913L, 9655L, 9815L, 
9774L, 9944L, 9297L, 9478L, 9857L, 10940L, 10831L, 11061L, 11240L, 
11541L, 11479L, 11113L, 10794L, 3102L, 3520L, 3657L, 3786L, 4202L, 
4322L, 4738L, 5147L, 4193L, 5313L, 5656L, 5922L, 5956L, 7180L, 
7398L, 7546L, 7567L, 7778L, 4631L, 5870L, NA, 6760L, 6589L, 6969L, 
6872L, 7159L, 7202L, 7037L, 7257L, 8105L, 8221L, 8266L, 8692L, 
9203L, 9469L, 9344L, 9872L, 8289L, 5830L, 7232L, 8037L, 8736L, 
9472L, 9701L, 11359L, 12162L, 12749L, 13138L, 14152L, 14096L, 
13849L, 15168L, 15708L, 17869L, 18702L, 19290L, 19127L, 18804L, 
NA, 17824L, 18552L, 18650L, 18609L, 18270L, 18234L, 17992L, 18303L, 
18445L, 19220L, 19571L, 19879L, 19653L, 20151L, 20383L, 21745L, 
20441L), .Dim = c(38L, 5L), .Dimnames = list(NULL, c("StateTotal", 
"HonoluluCounty", "HawaiiCounty", "KauaiCounty", "MauiCounty"
)), .Tsp = c(1975, 2012, 1), class = c("mts", "ts", "matrix"))
