Age <-
structure(c(8214L, 19036L, 28925L, 15634L, 5969L, 2862L, 10089L, 
14003L, 15417L, 6227L, 24L, 557L, 1918L, 895L, 991L), .Dim = c(5L, 
3L), .Dimnames = structure(list(Age = c("19 years or under", 
"20-39 years old", "40-59 years old", "60-79 years old", "80 years and above"
), Ability = c("Well", "Slightly", "Never")), .Names = c("Age", 
"Ability")), class = "table")
