ahawRate <-
structure(c(58350, 62600, 64250, 64850, 65500, 65400, 67400, 
69300, 69500, 70750, 74200, 76300, 76450, 78400, 79250, 80750, 
83200, 84600, 85350, 84450, 83650, 86300, 82900, 82150, 56300, 
59750, 59450, 59900, 59400, 59100, 61200, 62900, 63400, 65250, 
70750, 72500, 72950, 74750, 76200, 78100, 80700, 81700, 80500, 
76200, 75300, 78000, 76150, 76600, 2050, 2850, 4850, 4950, 6050, 
6300, 6200, 6450, 6100, 5550, 3500, 3800, 3500, 3650, 3050, 2700, 
2450, 2900, 4850, 8250, 8300, 8250, 6800, 5550, 3.5, 4.5, 7.5, 
7.6, 9.2, 9.6, 9.2, 9.3, 8.7, 7.8, 4.7, 5, 4.6, 4.6, 3.9, 3.3, 
3, 3.4, 5.7, 9.7, 9.9, 9.6, 8.2, 6.8), .Dim = c(24L, 4L), .Dimnames = list(
    NULL, c("labor", "emp", "unemp", "unempRate")), .Tsp = c(1990, 
2013, 1), class = c("mts", "ts", "matrix"))
