ahonoRate <-
structure(c(409250, 412000, 418000, 423200, 425450, 428000, 432000, 
433600, 434700, 433350, 433100, 435300, 429800, 433750, 433050, 
439400, 441500, 441750, 446800, 443550, 454000, 458750, 455950, 
456800, 401250, 403600, 406400, 409900, 408750, 409550, 411000, 
412800, 413600, 414300, 416450, 417500, 412900, 417500, 419500, 
427650, 430850, 430550, 430600, 418000, 428100, 433400, 432850, 
437250, 8000, 8450, 11600, 13300, 16700, 18450, 21000, 20750, 
21100, 19050, 16700, 17800, 16950, 16250, 13550, 11750, 10650, 
11200, 16250, 25550, 25900, 25350, 23050, 19550, 2, 2, 2.8, 3.1, 
3.9, 4.3, 4.9, 4.8, 4.9, 4.4, 3.9, 4.1, 3.9, 3.7, 3.1, 2.7, 2.4, 
2.5, 3.6, 5.8, 5.7, 5.5, 5.1, 4.3), .Dim = c(24L, 4L), .Dimnames = list(
    NULL, c("labor", "emp", "unemp", "unempRate")), .Tsp = c(1990, 
2013, 1), class = c("mts", "ts", "matrix"))
