ajobcount <-
structure(c(35600L, 36100L, 34100L, 34500L, 30900L, 27600L, 25000L, 
23500L, 22800L, 22600L, 24800L, 24700L, 26000L, 27950L, 29450L, 
33400L, 36500L, 39100L, 37850L, 31400L, 28900L, 28800L, 29500L, 
20600L, 19900L, 18800L, 17600L, 16800L, 16300L, 16000L, 15800L, 
15700L, 15900L, 16400L, 16400L, 15200L, 15000L, 15400L, 15200L, 
15300L, 15250L, 14850L, 13650L, 13000L, 13300L, 13300L, 17700L, 
17500L, 17200L, 16900L, 16400L, 16200L, 15900L, 15700L, 15900L, 
15800L, 16200L, 16450L, 16400L, 16700L, 17050L, 17600L, 18050L, 
18600L, 18750L, 17850L, 17600L, 17500L, 17700L, 67400L, 67500L, 
67800L, 67400L, 67400L, 68700L, 67700L, 66400L, 64500L, 64900L, 
66400L, 66100L, 64000L, 64350L, 66950L, 69250L, 70050L, 70350L, 
69800L, 66450L, 66000L, 67000L, 68600L, 2700L, 2700L, 2900L, 
3000L, 3000L, 3000L, 2900L, 2900L, 2800L, 2700L, 2700L, 2700L, 
2700L, 2700L, 2750L, 2900L, 2950L, 3050L, 3100L, 3200L, 3200L, 
3300L, 3500L, 25800L, 26700L, 26900L, 26300L, 25900L, 25400L, 
24900L, 25300L, 24900L, 24700L, 25500L, 25700L, 23650L, 24100L, 
25500L, 27950L, 30000L, 29900L, 26400L, 23550L, 23300L, 23700L, 
24800L, 9800L, 9800L, 10300L, 10000L, 10400L, 10400L, 10700L, 
11100L, 11500L, 11600L, 12300L, 11850L, 11450L, 10450L, 10800L, 
10800L, 10700L, 10600L, 10050L, 9100L, 9800L, 8500L, 8300L, 18200L, 
18800L, 18900L, 19700L, 19500L, 18800L, 18300L, 17900L, 18000L, 
17500L, 16100L, 15850L, 15800L, 16100L, 16450L, 16500L, 16850L, 
16950L, 16700L, 16250L, 15600L, 15400L, 15500L, 13300L, 12800L, 
12300L, 12600L, 12400L, 12100L, 12300L, 12300L, 12100L, 12000L, 
12500L, 12200L, 11900L, 12300L, 12400L, 12800L, 13100L, 13100L, 
12700L, 11450L, 11300L, 11400L, 11500L, 21600L, 22600L, 22500L, 
22300L, 21900L, 20700L, 20200L, 19700L, 19000L, 18900L, 20000L, 
21150L, 21650L, 22350L, 22750L, 23250L, 24150L, 24600L, 25100L, 
24550L, 24100L, 24300L, 24300L, 4800L, 4700L, 5000L, 5200L, 5400L, 
5700L, 5700L, 5900L, 6300L, 6100L, 5700L, 6150L, 6550L, 6800L, 
7000L, 7350L, 7550L, 7600L, 7400L, 7000L, 6700L, 7100L, 7400L, 
23600L, 23600L, 24100L, 24300L, 25400L, 27300L, 29600L, 30700L, 
31100L, 32900L, 35700L, 36700L, 39050L, 40500L, 41000L, 43650L, 
45050L, 44150L, 43000L, 39900L, 40700L, 43800L, 44700L, 8900L, 
9300L, 9600L, 9800L, 9700L, 9800L, 10100L, 10500L, 10700L, 10900L, 
11200L, 11650L, 12150L, 12650L, 13000L, 13600L, 13900L, 14400L, 
14700L, 14600L, 14400L, 14500L, 14800L, 37900L, 40500L, 41400L, 
41800L, 42600L, 42700L, 43200L, 45100L, 46800L, 47700L, 48700L, 
50100L, 51150L, 52700L, 54650L, 56300L, 57250L, 58600L, 59450L, 
60000L, 60900L, 61400L, 61900L, 9300L, 9600L, 10300L, 10300L, 
10600L, 10600L, 10100L, 10200L, 10300L, 10400L, 10800L, 11100L, 
10900L, 11100L, 11400L, 11550L, 11650L, 12050L, 11600L, 10700L, 
10300L, 10500L, 11200L, 38800L, 40600L, 41000L, 37900L, 37900L, 
37600L, 38300L, 38100L, 37700L, 37400L, 38300L, 37900L, 36150L, 
36750L, 37800L, 38750L, 39150L, 39250L, 37800L, 34850L, 34500L, 
35800L, 37600L, 47300L, 47200L, 47400L, 46100L, 46300L, 47100L, 
47400L, 47200L, 47700L, 48600L, 50500L, 50200L, 50350L, 51850L, 
54600L, 56050L, 57350L, 58700L, 57700L, 55350L, 55500L, 56800L, 
58300L, 19800L, 20500L, 21400L, 21700L, 21800L, 21700L, 21800L, 
21700L, 21700L, 21800L, 22900L, 23550L, 23700L, 24200L, 24450L, 
25200L, 26100L, 26600L, 27200L, 26000L, 25900L, 25900L, 26400L, 
34200L, 33900L, 33300L, 31800L, 31300L, 31100L, 31100L, 30700L, 
30400L, 30300L, 31000L, 30100L, 30650L, 31650L, 31450L, 31300L, 
31850L, 31750L, 32200L, 33300L, 34800L, 34900L, 34900L, 57100L, 
60300L, 62600L, 64200L, 65000L, 63900L, 62800L, 64300L, 64900L, 
65800L, 66900L, 67300L, 70150L, 70550L, 71500L, 71150L, 71950L, 
72400L, 74300L, 73700L, 71700L, 71700L, 72900L, 14400L, 14800L, 
15300L, 15500L, 15600L, 16400L, 16600L, 16800L, 16900L, 16700L, 
16700L, 17100L, 17150L, 16950L, 17100L, 17200L, 17450L, 17950L, 
18550L, 18650L, 18700L, 18500L, 18500L), .Dim = c(23L, 21L), .Dimnames = list(
    NULL, c("nrc", "manf", "whole", "retail", "util", "trans", 
    "info", "fin", "rental", "prof", "mgt", "admin", "educ", 
    "health", "arts", "accom", "food", "other", "fed", "state", 
    "gov")), .Tsp = c(1990, 2012, 1), class = c("mts", "ts", 
"matrix"))
