akauaiRate <-
structure(c(26100, 28050, 28950, 28150, 28550, 28850, 29000, 
28800, 29050, 29500, 30350, 30450, 30350, 31300, 31550, 31900, 
32250, 32600, 32850, 32200, 32900, 33300, 32700, 32400, 25200, 
26900, 26150, 24500, 25050, 25750, 25750, 25850, 26400, 27450, 
29000, 28950, 29050, 30050, 30500, 31050, 31450, 31750, 31350, 
29200, 30000, 30450, 30350, 30550, 950, 1150, 2800, 3650, 3500, 
3100, 3250, 2950, 2600, 2050, 1350, 1550, 1350, 1250, 1050, 850, 
800, 850, 1500, 3000, 2900, 2850, 2350, 1850, 3.6, 4.1, 9.6, 
13, 12.2, 10.7, 11.3, 10.3, 9, 6.9, 4.5, 5, 4.4, 4, 3.4, 2.7, 
2.4, 2.6, 4.6, 9.3, 8.8, 8.5, 7.2, 5.7), .Dim = c(24L, 4L), .Dimnames = list(
    NULL, c("labor", "emp", "unemp", "unempRate")), .Tsp = c(1990, 
2013, 1), class = c("mts", "ts", "matrix"))
