amauiRate <-
structure(c(57300, 60350, 64800, 65500, 66350, 67250, 68350, 
69950, 71100, 73050, 71300, 73200, 72300, 72850, 74250, 75000, 
76600, 78300, 78700, 76600, 76750, 78150, 77500, 77500, 54900, 
57100, 59600, 62000, 62500, 62600, 63750, 65200, 66700, 69350, 
68700, 70300, 69500, 70100, 72000, 73050, 74800, 76100, 75050, 
69900, 70200, 72150, 72700, 73550, 2400, 3250, 5200, 3500, 3850, 
4600, 4600, 4750, 4350, 3700, 2600, 2950, 2800, 2700, 2300, 1950, 
1800, 2200, 3600, 6700, 6550, 6000, 4800, 4000, 4.2, 5.4, 8, 
5.4, 5.8, 6.9, 6.7, 6.8, 6.2, 5.1, 3.7, 4, 3.9, 3.7, 3.1, 2.6, 
2.4, 2.8, 4.6, 8.7, 8.5, 7.7, 6.2, 5.1), .Dim = c(24L, 4L), .Dimnames = list(
    NULL, c("labor", "emp", "unemp", "unempRate")), .Tsp = c(1990, 
2013, 1), class = c("mts", "ts", "matrix"))
