birthRate <-
structure(c(6.7, 13.2, 14.9, 15.5, 14.9, 15.6, 17, 20.5, 25.2, 
24.1, 23.1, 24.3, 26.1, 28.1, 30.7, 33.3, 33.6, 36.4, 36.2, 37, 
38.2, 39.2, 39.3, 39.1, 41.8, 38.7, 37.1, 35, 33.2, 31.2, 29.4, 
27.7, 27.3, 25.1, 24.2, 23.6, 21.7, 22.4, 22.1, 22.3, 22.6, 22, 
17.9, 17.9, 14.8, 15.1, 23.3, 27.7, 28, 27.9, 28.2, 28.1, 30.1, 
31.6, 32, 30.2, 30.7, 29.2, 27.6, 27.4, 26.8, 26.7, 26.2, 26, 
24.7, 23.1, 21, 20.4, 19.9, 20.9, 21.3, 19.9, 18.9, 18.4, 18.3, 
18.1, 18.4, 18.9, 18.6, 19.1, 18.6, 18.5, 18.8, 18.7, 18, 17.3, 
17.2, 17.1, 17.2, 17.4, 18.4, 17.5, 17.2, 16.7, 16.5, 15.6, 15.5, 
14.6, 14.7, 14.4, 14.5, 13.9, 14, 14.4, 14.4, 14, 14.7, 14.9, 
15.1, 14.5, 13.9, 13.8), .Dim = c(112L, 1L), .Dimnames = list(
    NULL, "rate"), .Tsp = c(1900, 2011, 1), class = "ts")
