cip13 <-
structure(list(code = c(631L, 631L, 631L, 631L, 631L, 631L, 631L, 
631L, 631L, 631L, 631L, 631L, 631L, 631L, 631L, 631L, 631L, 631L, 
631L, 631L, 631L, 631L, 631L, 631L, 631L, 631L, 631L, 631L, 631L, 
631L, 631L, 631L, 631L, 631L, 631L, 631L, 631L, 631L, 631L, 631L, 
631L, 631L, 631L, 631L, 631L, 631L, 631L, 631L, 631L, 631L, 631L, 
631L, 631L, 631L, 631L, 631L, 631L, 631L, 631L, 631L, 631L, 631L, 
631L, 631L, 631L, 631L, 631L, 631L, 631L, 631L, 631L, 631L, 631L, 
631L, 631L, 631L, 631L, 631L, 631L, 631L, 631L, 631L, 631L, 631L, 
631L, 631L, 631L, 631L, 631L, 631L, 631L, 631L, 631L, 631L, 631L, 
631L, 631L, 631L, 631L, 631L, 631L, 631L, 631L, 631L, 631L, 631L, 
631L, 631L, 631L, 631L, 631L, 631L, 631L, 631L, 631L, 631L, 631L, 
631L, 631L, 631L, 631L, 631L, 631L, 631L, 631L, 631L, 631L, 631L, 
631L, 631L, 631L, 631L, 631L, 631L, 631L, 631L, 631L, 631L, 631L, 
631L, 631L, 631L, 631L, 631L, 631L, 631L, 631L, 631L, 631L, 631L, 
631L, 631L, 631L, 631L, 631L, 631L, 631L, 631L, 631L, 631L, 631L, 
631L, 631L, 631L, 631L, 631L, 631L, 631L, 631L, 631L, 631L, 631L, 
631L, 631L, 631L, 631L, 631L, 631L, 631L, 631L, 631L, 631L, 631L, 
631L, 631L, 631L, 631L, 631L, 631L, 631L, 631L, 631L, 631L, 631L, 
631L, 631L, 631L, 631L, 631L, 631L, 631L, 631L, 631L, 631L, 631L, 
631L, 631L, 631L, 631L, 631L, 631L, 631L, 631L, 631L, 631L, 631L, 
631L, 631L, 631L, 631L, 631L, 631L, 631L, 631L, 631L, 631L, 631L, 
631L, 631L, 631L, 631L, 631L, 631L, 631L, 631L, 631L, 631L, 631L, 
631L, 631L, 631L, 631L, 631L, 631L, 631L, 631L, 631L, 631L, 631L, 
631L, 631L, 631L, 631L, 631L, 631L, 631L, 631L, 631L, 631L, 631L, 
631L, 631L, 631L, 631L, 631L, 631L), fund = structure(c(1L, 1L, 
2L, 1L, 1L, 2L, 2L, 1L, 1L, 1L, 2L, 2L, 2L, 2L, 1L, 2L, 2L, 1L, 
1L, 1L, 2L, 1L, 1L, 1L, 2L, 1L, 1L, 1L, 2L, 1L, 2L, 1L, 1L, 2L, 
1L, 1L, 1L, 1L, 1L, 1L, 1L, 1L, 1L, 1L, 1L, 1L, 1L, 1L, 1L, 1L, 
1L, 1L, 1L, 1L, 1L, 1L, 1L, 1L, 1L, 1L, 1L, 1L, 1L, 1L, 1L, 1L, 
1L, 1L, 1L, 1L, 1L, 1L, 1L, 1L, 1L, 1L, 1L, 1L, 2L, 2L, 2L, 2L, 
2L, 2L, 2L, 2L, 2L, 2L, 1L, 1L, 1L, 1L, 1L, 1L, 1L, 1L, 1L, 1L, 
1L, 1L, 1L, 1L, 1L, 1L, 1L, 1L, 1L, 1L, 1L, 1L, 1L, 1L, 1L, 1L, 
1L, 1L, 1L, 1L, 1L, 1L, 1L, 1L, 1L, 1L, 1L, 1L, 1L, 1L, 1L, 1L, 
1L, 1L, 1L, 1L, 1L, 1L, 1L, 1L, 1L, 1L, 1L, 1L, 1L, 1L, 1L, 1L, 
1L, 1L, 1L, 1L, 1L, 1L, 1L, 1L, 2L, 2L, 2L, 1L, 1L, 2L, 1L, 1L, 
2L, 2L, 1L, 2L, 1L, 1L, 2L, 2L, 1L, 2L, 2L, 2L, 2L, 1L, 1L, 1L, 
1L, 1L, 1L, 1L, 1L, 1L, 1L, 1L, 1L, 1L, 1L, 1L, 1L, 1L, 1L, 1L, 
1L, 1L, 1L, 1L, 1L, 1L, 1L, 1L, 1L, 1L, 1L, 1L, 1L, 1L, 1L, 1L, 
2L, 2L, 1L, 1L, 1L, 1L, 1L, 1L, 1L, 1L, 1L, 1L, 1L, 1L, 1L, 1L, 
1L, 1L, 1L, 1L, 1L, 1L, 1L, 1L, 1L, 1L, 1L, 1L, 1L, 1L, 1L, 1L, 
1L, 1L, 1L, 1L, 1L, 1L, 1L, 1L, 1L, 1L, 1L, 1L, 1L, 1L, 1L, 1L, 
1L, 1L, 1L, 1L, 1L, 1L, 1L, 1L), .Label = c("B", "S"), class = "factor"), 
    fyear = c(2012L, 2010L, 2010L, 2011L, 2011L, 2011L, 2011L, 
    2012L, 2012L, 2011L, 2011L, 2002L, 2011L, 1981L, 2011L, 1981L, 
    2002L, 2009L, 2009L, 2009L, 2009L, 2010L, 2009L, 2010L, 2010L, 
    2009L, 2009L, 2000L, 2000L, 2009L, 2009L, 2011L, 2000L, 2000L, 
    2011L, 2012L, 2011L, 2011L, 2012L, 2012L, 2011L, 2011L, 2010L, 
    2010L, 2009L, 2009L, 2010L, 2010L, 2011L, 2011L, 2011L, 2011L, 
    2011L, 2011L, 2011L, 2011L, 2011L, 2011L, 2011L, 2011L, 2009L, 
    2011L, 2011L, 2011L, 2011L, 2011L, 2008L, 2009L, 2010L, 2007L, 
    2010L, 2010L, 2011L, 2011L, 2011L, 2009L, 2009L, 2012L, 2010L, 
    2010L, 2010L, 2009L, 2010L, 2010L, 2012L, 2012L, 2012L, 2007L, 
    2011L, 2011L, 2011L, 2011L, 2011L, 2011L, 2012L, 2011L, 2011L, 
    2012L, 2011L, 2012L, 2012L, 2011L, 2011L, 2011L, 2012L, 2011L, 
    2011L, 2012L, 2012L, 2011L, 2011L, 2010L, 2009L, 2007L, 2007L, 
    2008L, 2009L, 2004L, 2009L, 2008L, 2008L, 2011L, 2011L, 2011L, 
    2011L, 2011L, 2008L, 2011L, 2011L, 2008L, 2002L, 2009L, 2004L, 
    2004L, 2008L, 2007L, 2011L, 2009L, 2010L, 2012L, 2011L, 2009L, 
    2009L, 2012L, 2011L, 2011L, 2011L, 2010L, 2010L, 2010L, 2011L, 
    2011L, 2011L, 2010L, 2010L, 2011L, 2011L, 2011L, 2011L, 2011L, 
    2011L, 2011L, 2011L, 2011L, 2002L, 2002L, 2002L, 2002L, 2002L, 
    2002L, 2002L, 2002L, 2002L, 2002L, 2002L, 2011L, 2011L, 2012L, 
    2011L, 2011L, 2011L, 2011L, 2012L, 2011L, 2012L, 2012L, 2012L, 
    2012L, 2011L, 2011L, 2011L, 2012L, 2012L, 2011L, 2011L, 2011L, 
    2011L, 2011L, 2011L, 2011L, 2011L, 2011L, 2012L, 2012L, 2012L, 
    2012L, 2011L, 2012L, 2012L, 2011L, 2005L, 2008L, 2012L, 2012L, 
    2012L, 2007L, 2011L, 2011L, 2011L, 2011L, 2011L, 2011L, 2011L, 
    2005L, 2007L, 2011L, 2011L, 2011L, 2011L, 1999L, 2000L, 2002L, 
    2004L, 2001L, 2011L, 2009L, 2011L, 2009L, 2009L, 2011L, 2011L, 
    2008L, 2012L, 2011L, 2011L, 2012L, 2011L, 2011L, 2011L, 2009L, 
    2011L, 2011L, 2011L, 2011L, 2008L, 2010L, 2009L, 2011L, 2009L, 
    2011L, 2012L, 2011L, 2012L, 2011L, 2012L, 2012L), account = c(415L, 
    531L, 136L, 535L, 535L, 144L, 144L, 513L, 513L, 535L, 144L, 
    282L, 144L, 209L, 535L, 209L, 282L, 762L, 762L, 762L, 273L, 
    662L, 538L, 470L, 113L, 503L, 503L, 457L, 107L, 486L, 169L, 
    498L, 564L, 128L, 432L, 406L, 432L, 432L, 419L, 416L, 432L, 
    432L, 403L, 403L, 410L, 409L, 403L, 404L, 426L, 411L, 412L, 
    427L, 431L, 407L, 408L, 427L, 426L, 426L, 427L, 427L, 448L, 
    824L, 427L, 427L, 427L, 427L, 408L, 410L, 800L, 415L, 407L, 
    401L, 429L, 533L, 533L, 530L, 530L, 670L, 753L, 271L, 753L, 
    417L, 405L, 405L, 716L, 716L, 716L, 417L, 757L, 757L, 757L, 
    432L, 438L, 432L, 448L, 432L, 431L, 449L, 429L, 448L, 448L, 
    428L, 430L, 429L, 448L, 432L, 431L, 405L, 405L, 437L, 440L, 
    404L, 409L, 422L, 422L, 408L, 412L, 407L, 412L, 828L, 828L, 
    820L, 427L, 412L, 426L, 427L, 417L, 820L, 827L, 417L, 554L, 
    448L, 425L, 426L, 420L, 820L, 427L, 429L, 418L, 409L, 429L, 
    430L, 430L, 463L, 434L, 456L, 457L, 405L, 405L, 406L, 407L, 
    429L, 407L, 506L, 123L, 123L, 123L, 489L, 489L, 123L, 489L, 
    522L, 136L, 712L, 480L, 118L, 480L, 480L, 118L, 118L, 480L, 
    406L, 118L, 406L, 118L, 759L, 759L, 448L, 432L, 432L, 432L, 
    432L, 448L, 432L, 448L, 448L, 448L, 448L, 432L, 428L, 432L, 
    448L, 448L, 432L, 431L, 431L, 413L, 432L, 428L, 432L, 432L, 
    432L, 448L, 448L, 448L, 448L, 428L, 448L, 448L, 432L, 800L, 
    801L, 435L, 400L, 401L, 416L, 409L, 421L, 422L, 423L, 405L, 
    406L, 407L, 813L, 814L, 828L, 829L, 821L, 820L, 500L, 425L, 
    513L, 407L, 461L, 452L, 410L, 412L, 430L, 448L, 875L, 406L, 
    828L, 451L, 452L, 452L, 451L, 427L, 427L, 427L, 410L, 812L, 
    411L, 412L, 813L, 417L, 445L, 448L, 452L, 410L, 407L, 406L, 
    820L, 405L, 838L, 827L, 807L), department = structure(c(2L, 
    4L, 4L, 4L, 4L, 4L, 4L, 4L, 4L, 4L, 4L, 4L, 4L, 4L, 4L, 4L, 
    4L, 4L, 4L, 4L, 4L, 4L, 4L, 4L, 4L, 4L, 4L, 4L, 4L, 4L, 4L, 
    4L, 4L, 4L, 5L, 5L, 5L, 5L, 5L, 5L, 5L, 6L, 8L, 8L, 8L, 8L, 
    8L, 8L, 10L, 10L, 10L, 10L, 10L, 10L, 10L, 10L, 10L, 10L, 
    10L, 10L, 10L, 10L, 10L, 10L, 10L, 10L, 10L, 10L, 10L, 10L, 
    11L, 1L, 3L, 4L, 4L, 4L, 4L, 4L, 4L, 4L, 4L, 4L, 4L, 4L, 
    4L, 4L, 4L, 4L, 4L, 4L, 4L, 5L, 5L, 5L, 5L, 5L, 5L, 5L, 5L, 
    5L, 5L, 5L, 5L, 5L, 5L, 5L, 5L, 5L, 5L, 6L, 6L, 6L, 8L, 10L, 
    10L, 10L, 10L, 10L, 10L, 10L, 10L, 10L, 10L, 10L, 10L, 10L, 
    10L, 10L, 10L, 10L, 10L, 10L, 10L, 10L, 10L, 10L, 10L, 10L, 
    10L, 2L, 3L, 3L, 3L, 3L, 3L, 3L, 3L, 3L, 3L, 3L, 3L, 3L, 
    3L, 4L, 4L, 4L, 4L, 4L, 4L, 4L, 4L, 4L, 4L, 4L, 4L, 4L, 4L, 
    4L, 4L, 4L, 4L, 4L, 4L, 4L, 4L, 4L, 4L, 5L, 5L, 5L, 5L, 5L, 
    5L, 5L, 5L, 5L, 5L, 5L, 5L, 5L, 5L, 5L, 5L, 5L, 5L, 5L, 5L, 
    5L, 5L, 5L, 5L, 5L, 5L, 5L, 5L, 5L, 5L, 5L, 5L, 5L, 6L, 6L, 
    6L, 7L, 7L, 8L, 8L, 9L, 9L, 9L, 9L, 9L, 9L, 10L, 10L, 10L, 
    10L, 10L, 10L, 10L, 10L, 10L, 10L, 10L, 10L, 10L, 10L, 10L, 
    10L, 10L, 10L, 10L, 10L, 10L, 10L, 10L, 10L, 10L, 10L, 10L, 
    10L, 10L, 10L, 10L, 10L, 10L, 10L, 10L, 10L, 10L, 10L, 10L, 
    10L, 10L, 10L, 10L),