CPI <-
structure(c(14.7, 15.5, 17.6, 18.9, 19.2, 19.7, 21, 24.4, 25.7, 
25.2, 24.3, 25.7, 26.5, 26.7, 26.9, 27.3, 27.7, 28.6, 30, 30.5, 
31.3, 32.1, 32.8, 33.5, 33.7, 34.4, 35.3, 36.3, 37.7, 39.4, 41.5, 
43.2, 44.6, 46.6, 51.5, 56.3, 59.1, 62.1, 66.9, 74.3, 83, 91.7, 
97.2, 99.3, 103.5, 106.8, 109.4, 114.9, 121.7, 128.7, 138.1, 
148, 155.1, 160.1, 164.5, 168.1, 170.7, 171.9, 171.5, 173.3, 
176.3, 178.4, 180.3, 184.5, 190.6, 197.8, 209.4, 219.5, 228.9, 
230, 234.9, 243.6, 249.474, NA, 5.4, 13.5, 7.4, 1.6, 2.6, 6.6, 
16.2, 5.3, -1.9, -3.6, 5.8, 3.1, 0.8, 0.7, 1.5, 1.5, 3.2, 4.9, 
1.7, 2.6, 2.6, 2.2, 2.1, 0.6, 2.1, 2.6, 2.8, 3.9, 4.5, 5.3, 4.1, 
3.2, 4.5, 10.5, 9.3, 5, 5.1, 7.7, 11.1, 11.7, 10.5, 6, 2.2, 4.2, 
3.2, 2.4, 5, 5.9, 5.8, 7.3, 7.2, 4.8, 3.2, 2.7, 2.2, 1.5, 0.7, 
-0.2, 1, 1.7, 1.2, 1.1, 2.3, 3.3, 3.8, 5.9, 4.8, 4.3, 0.5, 2.1, 
3.7, 2.4, 14, 14.7, 16.3, 17.3, 17.6, 18, 19.5, 22.3, 24.1, 23.8, 
24.1, 26, 26.5, 26.7, 26.9, 26.8, 27.2, 28.1, 28.9, 29.1, 29.6, 
29.9, 30.2, 30.6, 31, 31.5, 32.4, 33.4, 34.8, 36.7, 38.8, 40.5, 
41.8, 44.4, 49.3, 53.8, 56.9, 60.6, 65.2, 72.6, 82.4, 90.9, 96.5, 
99.6, 103.9, 107.6, 109.6, 113.6, 118.3, 124, 130.7, 136.2, 140.3, 
144.5, 148.2, 152.4, 156.9, 160.5, 163, 166.6, 172.2, 177.1, 
179.9, 184, 188.9, 195.3, 201.6, 207.3, 215.3, 214.5, 218.1, 
224.9, 229.594, 0.7, 5, 10.9, 6.1, 1.7, 2.3, 8.3, 14.4, 8.1, 
-1.2, 1.3, 7.9, 1.9, 0.8, 0.7, -0.4, 1.5, 3.3, 2.8, 0.7, 1.7, 
1, 1, 1.3, 1.3, 1.6, 2.9, 3.1, 4.2, 5.5, 5.7, 4.4, 3.2, 6.2, 
11, 9.1, 5.8, 6.5, 7.6, 11.3, 13.5, 10.3, 6.2, 3.2, 4.3, 3.6, 
1.9, 3.6, 4.1, 4.8, 5.4, 4.2, 3, 3, 2.6, 2.8, 3, 2.3, 1.6, 2.2, 
3.4, 2.8, 1.6, 2.3, 2.7, 3.4, 3.2, 2.8, 3.8, -0.4, 1.6, 3.2, 
2.1), .Dim = c(73L, 4L), .Dimnames = list(NULL, c("HonoluluAvg", 
"HonoluluChange", "USAvg", "USChange")), .Tsp = c(1940, 2012, 
1), class = c("mts", "ts", "matrix"))
