deathRate <-
structure(c(15.4, 19.5, 16.4, 16.3, 16.6, 16.1, 17.1, 17.5, 15.4, 
14.9, 16.5, 15.8, 15.1, 16.2, 16.2, 14.9, 16.3, 15.1, 15.6, 14.9, 
17.6, 14.4, 15.3, 15.5, 13, 12.6, 11.7, 12, 11.7, 12.2, 10.5, 
9.9, 9.5, 9.5, 9, 8.5, 8.7, 8.8, 7.9, 7.5, 7.2, 11.6, 5.8, 5.1, 
4.3, 4.2, 5.9, 6.1, 6, 5.9, 5.9, 5.6, 5.6, 5.7, 5.9, 6, 5.6, 
5.9, 5.3, 5.4, 5.6, 5.2, 5.2, 5.4, 5.3, 5.3, 5.4, 5.5, 5.8, 5.6, 
5.4, 5.5, 5.5, 5.5, 5.1, 4.9, 5.3, 4.9, 5, 5.2, 5, 5, 5.2, 5.3, 
5.4, 5.5, 5.4, 5.7, 5.4, 5.7, 6, 5.9, 5.9, 6.2, 6.1, 6.3, 6.6, 
6.5, 6.7, 6.9, 6.7, 6.7, 6.9, 7, 7, 7, 7.2, 7.3, 7.2, 7.5, 7.1, 
7.2), .Dim = c(112L, 1L), .Dimnames = list(NULL, "rate"), .Tsp = c(1900, 
2011, 1), class = "ts")
