defense <-
structure(list(county = structure(c(1L, 1L, 1L, 1L, 1L, 1L, 1L, 
1L, 1L, 1L, 1L, 1L, 1L, 1L, 1L, 1L, 1L, 1L, 1L, 1L, 1L, 1L, 1L, 
1L, 1L, 1L, 1L, 1L, 1L, 1L, 1L, 1L, 1L, 1L, 1L, 1L, 1L, 1L, 1L, 
1L, 1L, 1L, 1L, 1L, 1L, 1L, 1L, 1L, 1L, 1L, 1L, 1L, 1L, 1L, 1L, 
1L, 1L, 1L, 1L, 1L, 1L, 1L, 1L, 1L, 1L, 1L, 1L, 1L, 1L, 1L, 1L, 
3L, 3L, 3L, 3L, 3L, 3L, 3L, 3L, 3L, 3L, 3L, 3L, 3L, 3L, 3L, 3L, 
3L, 3L, 3L, 3L, 3L, 3L, 3L, 3L, 3L, 3L, 3L, 3L, 3L, 3L, 3L, 3L, 
3L, 3L, 3L, 3L, 3L, 3L, 3L, 3L, 3L, 3L, 3L, 3L, 3L, 3L, 3L, 3L, 
4L, 4L, 4L, 4L, 4L, 4L, 4L, 4L, 4L, 4L, 4L, 4L, 4L, 4L, 4L, 4L, 
4L, 4L, 4L, 4L, 4L, 4L, 4L, 4L, 4L, 4L, 4L, 4L, 4L, 4L, 4L, 4L, 
4L, 4L, 4L, 4L, 4L, 4L, 4L, 4L, 4L, 4L, 4L, 4L, 4L, 4L, 4L, 4L, 
4L, 4L, 4L, 4L, 4L, 4L, 4L, 4L, 4L, 4L, 4L, 4L, 4L, 4L, 4L, 4L, 
4L, 4L, 4L, 4L, 4L, 2L, 2L, 2L, 2L, 2L, 2L, 2L, 2L, 2L, 2L, 2L, 
2L, 2L, 2L, 2L, 2L, 2L, 2L, 2L, 2L, 2L, 2L, 2L, 2L, 2L, 2L, 2L, 
2L, 2L, 2L, 2L, 2L, 2L, 2L, 2L, 2L, 2L, 2L, 2L, 2L, 2L, 2L, 2L, 
2L, 2L, 2L, 2L, 2L, 2L, 2L, 2L, 2L, 2L, 2L, 2L, 2L, 2L, 2L, 2L, 
2L, 2L, 2L, 2L, 2L, 2L, 2L, 2L, 2L, 2L, 2L, 2L, 2L, 2L, 2L, 2L, 
2L, 2L, 2L, 2L, 2L, 2L, 2L, 2L, 2L, 2L, 2L, 2L, 2L, 2L, 2L, 2L, 
2L, 2L, 2L, 2L, 2L, 2L, 2L, 2L, 2L, 2L, 2L, 2L, 2L, 2L, 2L, 2L, 
2L, 2L, 2L, 2L, 2L, 2L, 2L, 2L, 2L, 2L, 2L, 2L, 2L, 2L, 2L, 2L, 
2L, 2L, 2L, 2L, 2L, 2L, 2L, 2L, 2L, 2L, 2L, 2L, 2L, 2L, 2L, 2L, 
2L, 2L, 2L, 2L, 2L, 2L, 2L, 2L, 2L, 2L, 2L, 2L, 2L), .Label = c("HAWAII", 
"HONOLULU", "KAUAI", "MAUI"), class = "factor"), id = structure(1:340, .Label = c("HA101", 
"HA102", "HA103", "HA104", "HA105", "HA106", "HA107", "HA108", 
"HA109", "HA110", "HA111", "HA112", "HA113", "HA114", "HA115", 
"HA116", "HA201", "HA202", "HA301", "HA302", "HA303", "HA304", 
"HA401", "HA402", "HA403", "HA404", "HA405", "HA406", "HA407", 
"HA501", "HA502", "HA503", "HA601", "HA602", "HA603", "HA604", 
"HA605", "HA606", "HA607", "HA608", "HA609", "HA610", "HA611", 
"HA701", "HA702", "HA703", "HA704", "HA705", "HA706", "HA801", 
"HA802", "HA803", "HA804", "HA805", "HA806", "HA807", "HA901", 
"HA902", "HA903", "HA904", "HA907", "HA908", "HA909", "HA910", 
"HA911", "HA912", "HA913", "HA914", "HA915", "HA916", "HA917", 
"KA101", "KA102", "KA103", "KA104", "KA105", "KA107", "KA109", 
"KA111", "KA112", "KA113", "KA114", "KA201", "KA202", "KA203", 
"KA204", "KA205", "KA207", "KA209", "KA210", "KA211", "KA213", 
"KA301", "KA303", "KA305", "KA307", "KA309", "KA310", "KA313", 
"KA315", "KA501", "KA503", "KA505", "KA507", "KA509", "KA510", 
"KA511", "KA512", "KA513", "KA515", "KA517", "KA519", "KA520", 
"KA601", "KA603", "KA701", "KA703", "KA705", "KA707", "MA101", 
"MA102", "MA103", "MA104", "MA105", "MA106", "MA107", "MA108", 
"MA109", "MA110", "MA111", "MA112", "MA113", "MA114", "MA115", 
"MA116", "MA117", "MA118", "MA119", "MA120", "MA121", "MA122", 
"MA123", "MA124", "MA125", "MA126", "MA127", "MA128", "MA129", 
"MA130", "MA131", "MA132", "MA133", "MA134", "MA135", "MA136", 
"MA138", "MA201", "MA202", "MA301", "MA302", "MA303", "MA304", 
"MA305", "MA306", "MA401", "MA402", "MA403", "MA404", "MA405", 
"MA406", "MA407", "MA408", "MA409", "MA410", "MA411", "MA412", 
"MA413", "MA501", "MA502", "MA503", "MA504", "MA505", "MA506", 
"MA507", "MA508", "MA509", "MA510", "MA601", "OA100", "OA101", 
"OA102", "OA102A", "OA103", "OA103A", "OA104", "OA104A", "OA105", 
"OA106", "OA106A", "OA107", "OA108", "OA108A", "OA109", "OA109A", 
"OA110", "OA111", "OA112", "OA113", "OA114", "OA115", "OA116", 
"OA117", "OA117A", "OA118", "OA118A", "OA119", "OA120", "OA121", 
"OA122", "OA123", "OA124", "OA125", "OA126", "OA127", "OA128", 
"OA129", "OA130", "OA131", "OA132", "OA133", "OA135", "OA136", 
"OA137", "OA201", "OA202", "OA203", "OA203A", "OA204", "OA205", 
"OA206", "OA206A", "OA207", "OA208", "OA208A", "OA209", "OA210", 
"OA211", "OA212", "OA212A", "OA213", "OA213A", "OA214", "OA215", 
"OA216", "OA217", "OA218", "OA225", "OA226", "OA227", "OA228", 
"OA229", "OA230", "OA301", "OA302", "OA303", "OA304", "OA305", 
"OA306", "OA306A", "OA307", "OA308", "OA308A", "OA309", "OA309A", 
"OA310", "OA310A", "OA311", "OA311A", "OA311B", "OA312", "OA312B", 
"OA313", "OA313A", "OA314", "OA314A", "OA315", "OA316", "OA317", 
"OA318", "OA318A", "OA319", "OA320", "OA321", "OA322", "OA323", 
"OA324", "OA325", "OA326", "OA330", "OA330A", "OA331", "OA331A", 
"OA332", "OA400", "OA401", "OA402", "OA402A", "OA403", "OA403A", 
"OA404", "OA405", "OA406", "OA407", "OA407A", "OA408", "OA409", 
"OA409A", "OA410", "OA411", "OA411A", "OA412", "OA413", "OA414", 
"OA415", "OA416", "OA416A", "OA417", "OA418", "OA419", "OA420", 
"OA421", "OA422", "OA422A", "OA423", "OA424", "OA425", "OA426A", 
"OA427", "OA428", "OA432"), class = "factor"), add = structure(c(178L, 
20L, 236L, 21L, 136L, 284L, 41L, 133L, 246L, 255L, 81L, 159L, 
50L, 46L, 250L, 73L, 173L, 174L, 238L, 74L, 334L, 237L, 328L, 
301L, 285L, 61L, 264L, 265L, 135L, 69L, 227L, 119L, 97L, 141L, 
14L, 293L, 241L, 146L, 88L, 102L, 233L, 76L, 224L, 142L, 26L, 
222L, 243L, 28L, 209L, 217L, 83L, 272L, 239L, 67L, 68L, 330L, 
216L, 283L, 240L, 128L, 65L, 101L, 257L, 8L, 66L, 248L, 249L, 
220L, 176L, 148L, 2L, 47L, 235L, 329L, 57L, 56L, 17L, 18L, 93L, 
153L, 154L, 215L, 16L, 15L, 143L, 125L, 123L, 124L, 335L, 316L, 
318L, 317L, 180L, 58L, 84L, 179L, 296L, 263L, 228L, 267L, 160L, 
259L, 258L, 163L, 164L, 152L, 175L, 298L, 108L, 229L, 38L, 261L, 
59L, 132L, 190L, 326L, 327L, 150L, 149L, 310L, 309L, 251L, 95L, 
223L, 286L, 242L, 162L, 181L, 232L, 287L, 110L, 118L, 147L, 336L, 
96L, 195L, 311L, 268L, 87L, 314L, 315L, 37L, 9L, 191L, 294L, 
313L, 295L, 113L, 117L, 49L, 288L, 247L, 165L, 308L, 70L, 182L, 
171L, 194L, 55L, 144L, 319L, 53L, 307L, 54L, 234L, 193L, 231L, 
77L, 90L, 221L, 169L, 85L, 86L, 266L, 42L, 300L, 275L, 111L, 
134L, 122L, 116L, 155L, 104L, 269L, 198L, 140L, 115L, 112L, 280L, 
158L, 60L, 121L, 120L, 48L, 199L, 166L, 226L, 7L, 320L, 302L, 
35L, 45L, 197L, 338L, 245L, 127L, 32L, 126L, 11L, 36L, 339L, 
276L, 192L, 10L, 12L, 151L, 201L, 43L, 23L, 230L, 13L, 119L, 
114L, 78L, 256L, 109L, 278L, 279L, 79L, 80L, 210L, 277L, 211L, 
289L, 290L, 282L, 273L, 325L, 138L, 137L, 51L, 52L, 303L, 274L, 
214L, 34L, 33L, 24L, 213L, 44L, 337L, 177L, 299L, 157L, 202L, 
167L, 207L, 208L, 204L, 203L, 206L, 205L, 3L, 5L, 4L, 321L, 252L, 
253L, 254L, 244L, 31L, 297L, 331L, 333L, 332L, 40L, 39L, 82L, 
30L, 262L, 19L, 189L, 75L, 25L, 22L, 92L, 218L, 219L, 185L, 184L, 
183L, 306L, 304L, 305L, 196L, 188L, 186L, 187L, 129L, 106L, 130L, 
225L, 107L, 281L, 323L, 324L, 322L, 64L, 200L, 99L, 172L, 98L, 
100L, 29L, 103L, 6L, 212L, 27L, 145L, 131L, 72L, 156L, 71L, 168L, 
1L, 89L, 312L, 161L, 105L, 291L, 91L, 271L, 270L, 63L, 62L, 260L, 
170L, 94L, 139L, 292L),