economyInd <-
structure(c(2367L, 2571L, 2849L, 3110L, 3307L, 3722L, 4262L, 
4813L, 5188L, 5624L, 6353L, 7143L, 8173L, 8526L, 9441L, 10508L, 
11869L, 13380L, 14640L, 15740L, 17260L, 19132L, 20722L, 22437L, 
24273L, 26799L, 29427L, 32534L, 34357L, 36129L, 36732L, 37395L, 
37763L, 38125L, 39064L, 38031L, 38019L, 39332L, 41450L, 42529L, 
44752L, 48095L, 52290L, 56901L, 60993L, 64070L, 65978L, 64787L, 
67274L, 70006L, NA, NA, NA, NA, NA, NA, NA, NA, NA, NA, NA, NA, 
NA, NA, NA, NA, NA, NA, NA, NA, NA, NA, NA, NA, 32376L, 34587L, 
36643L, 39176L, 39756L, 40834L, 40152L, 40062L, 39552L, 39132L, 
39064L, 48395L, 47158L, 47545L, 48819L, 48444L, 49595L, 51684L, 
54304L, 56901L, 58743L, 59548L, 60098L, 57902L, 59673L, 60899L, 
3471L, 3673L, 4047L, 4380L, 4574L, 5071L, 5736L, 6309L, 6554L, 
6874L, 7546L, 8324L, 9340L, 9555L, 10310L, 11313L, 12493L, 13826L, 
14966L, 15839L, 17043L, 18612L, 19931L, 21333L, 22729L, 24818L, 
26884L, 29218L, 30224L, 31183L, 31319L, 31490L, 31552L, 31672L, 
32241L, 31388L, 31285L, 32498L, 34157L, 34691L, 36102L, 38441L, 
41058L, 44016L, 46569L, 48697L, 49525L, 48107L, 49344L, 50920L, 
NA, NA, NA, NA, NA, NA, NA, NA, NA, NA, NA, NA, NA, NA, NA, NA, 
NA, NA, NA, NA, NA, NA, NA, NA, 30317L, 32030L, 33477L, 35183L, 
34973L, 35244L, 34235L, 33735L, 33047L, 32508L, 32241L, 39942L, 
38806L, 39283L, 40230L, 39515L, 40008L, 41309L, 42639L, 44017L, 
44851L, 45261L, 45112L, 42995L, 43769L, 44296L, 682000L, 700000L, 
704000L, 710000L, 723000L, 734000L, 743000L, 762920L, 791580L, 
818104L, 841851L, 858121L, 875052L, 892335L, 915749L, 928816L, 
950050L, 967710L, 978195L, 993780L, 1012717L, 1027922L, 1039698L, 
1051762L, 1067917L, 1079827L, 1094588L, 1113491L, 1136754L, 1158613L, 
1172838L, 1187536L, 1196854L, 1203755L, 1211640L, 1211640L, 1215233L, 
1210300L, 1213519L, 1225948L, 1239613L, 1251154L, 1273569L, 1292729L, 
1309731L, 1315675L, 1332213L, 1346717L, 1363359L, 1374810L), .Dim = c(50L, 
5L), .Dimnames = list(NULL, c("currentGDP", "chainedGDP", "currentGPC", 
"chainedGPC", "pop")), .Tsp = c(1963, 2012, 1), class = c("mts", 
"ts", "matrix"))
