elections <-
structure(list(conID = c(2L, 2L, 2L, 2L, 2L, 3L, 4L, 4L, 4L, 
4L, 4L, 5L, 5L, 5L, 6L, 6L, 7L, 7L, 8L, 8L, 8L, 8L, 8L, 8L, 9L, 
9L, 10L, 11L, 11L, 11L, 11L, 12L, 12L, 13L, 14L, 15L, 16L, 16L, 
17L, 18L, 19L, 20L, 21L, 21L, 22L, 23L, 24L, 25L, 26L, 27L, 28L, 
29L, 29L, 30L, 31L, 32L, 33L, 34L, 35L, 36L, 37L, 37L, 38L, 39L, 
39L, 40L, 40L, 41L, 42L, 43L, 44L, 45L, 46L, 47L, 48L, 49L, 50L, 
51L, 51L, 51L, 52L, 52L, 53L, 54L, 55L, 56L, 56L, 57L, 57L, 58L, 
59L, 60L, 60L, 61L, 61L, 62L, 62L, 62L, 62L, 63L, 64L, 65L, 65L, 
66L, 67L, 67L, 68L, 69L, 69L, 69L, 69L, 70L, 71L, 72L, 73L, 74L, 
75L, 76L, 77L, 78L, 79L, 79L, 80L, 81L, 82L, 82L, 83L, 84L, 85L, 
86L, 86L, 87L, 87L, 88L, 89L, 90L, 91L, 92L, 93L, 93L, 94L, 95L, 
96L, 96L, 96L, 97L, 97L, 98L, 99L, 100L, 101L, 101L, 102L, 102L, 
103L, 104L, 104L, 104L, 105L, 106L, 107L, 108L, 108L, 109L, 109L, 
110L, 111L, 111L, 112L, 113L, 114L, 115L, 116L, 117L, 118L, 119L, 
119L, 119L, 119L, 119L, 119L, 120L, 121L, 121L, 122L, 123L, 124L, 
124L, 125L, 125L, 125L, 125L, 126L, 127L, 127L, 128L, 129L, 129L, 
130L, 131L, 132L, 132L, 133L, 134L, 134L, 135L, 136L, 137L, 138L, 
139L, 139L, 139L, 139L, 139L, 139L, 140L, 140L, 140L, 141L, 141L, 
141L, 141L, 141L, 142L, 142L, 142L, 142L, 143L, 144L, 144L, 144L, 
145L, 145L, 145L, 146L, 146L, 146L, 146L, 147L, 148L, 148L, 149L, 
149L, 149L, 149L, 150L, 150L, 150L, 151L, 151L, 151L, 152L, 152L, 
153L, 153L, 153L, 153L, 153L, 153L, 153L, 153L, 153L, 154L, 154L, 
154L, 154L, 155L, 155L, 155L, 155L, 155L, 156L, 156L, 156L, 157L, 
157L, 157L, 158L, 158L, 158L, 158L), conTitl = structure(c(157L, 
157L, 157L, 157L, 157L, 156L, 155L, 155L, 155L, 155L, 155L, 152L, 
152L, 152L, 151L, 151L, 154L, 154L, 153L, 153L, 153L, 153L, 153L, 
153L, 108L, 108L, 125L, 124L, 124L, 124L, 124L, 139L, 139L, 138L, 
137L, 141L, 140L, 140L, 142L, 144L, 143L, 146L, 145L, 145L, 148L, 
147L, 150L, 149L, 110L, 109L, 112L, 111L, 111L, 114L, 113L, 115L, 
116L, 117L, 119L, 118L, 120L, 120L, 122L, 121L, 121L, 123L, 123L, 
127L, 126L, 129L, 128L, 131L, 130L, 133L, 132L, 134L, 136L, 135L, 
135L, 135L, 21L, 21L, 39L, 61L, 60L, 59L, 59L, 79L, 79L, 78L, 
99L, 98L, 98L, 104L, 104L, 103L, 103L, 103L, 103L, 105L, 106L, 
107L, 107L, 23L, 22L, 22L, 25L, 24L, 24L, 24L, 24L, 27L, 26L, 
29L, 28L, 30L, 31L, 33L, 32L, 34L, 36L, 36L, 35L, 38L, 37L, 37L, 
43L, 42L, 41L, 40L, 40L, 44L, 44L, 46L, 45L, 48L, 47L, 50L, 49L, 
49L, 51L, 53L, 52L, 52L, 52L, 55L, 55L, 54L, 57L, 56L, 58L, 58L, 
62L, 62L, 64L, 63L, 63L, 63L, 66L, 65L, 68L, 67L, 67L, 69L, 69L, 
70L, 72L, 72L, 71L, 74L, 73L, 75L, 77L, 76L, 81L, 80L, 80L, 80L, 
80L, 80L, 80L, 83L, 82L, 82L, 85L, 84L, 87L, 87L, 86L, 86L, 86L, 
86L, 89L, 88L, 88L, 91L, 90L, 90L, 93L, 92L, 95L, 95L, 94L, 96L, 
96L, 97L, 100L, 102L, 101L, 18L, 18L, 18L, 18L, 18L, 18L, 19L, 
19L, 19L, 4L, 4L, 4L, 4L, 4L, 5L, 5L, 5L, 5L, 6L, 7L, 7L, 7L, 
8L, 8L, 8L, 9L, 9L, 9L, 9L, 10L, 11L, 11L, 12L, 12L, 12L, 12L, 
3L, 3L, 3L, 2L, 2L, 2L, 20L, 20L, 1L, 1L, 1L, 1L, 1L, 1L, 1L, 
1L, 1L, 17L, 17L, 17L, 17L, 13L, 13L, 13L, 13L, 13L, 14L, 14L, 
14L, 16L, 16L, 16L, 15L, 15L, 15L, 15L), .Label = c("Councilmember", 
"Councilmember (Kahului)", "Councilmember (Wailuku-Waihee-Waikapu) ", 
"Councilmember, Dist 1", "Councilmember, Dist 2", "Councilmember, Dist 3", 
"Councilmember, Dist 4", "Councilmember, Dist 5", "Councilmember, Dist 6", 
"Councilmember, Dist 7", "Councilmember, Dist 8", "Councilmember, Dist 9", 
"Councilmember, Dist I", "Councilmember, Dist III", "Councilmember, Dist IX", 
"Councilmember, Dist VII", "Mayor, City of Honolulu", "Mayor, County of Hawaii", 
"Prosecuting Attorney, County of Hawaii", "Prosecuting Attorney, County of Kauai", 
"State Representative, Dist 1 - D", "State Representative, Dist 10 - D", 
"State Representative, Dist 10 - R", "State Representative, Dist 11 - D", 
"State Representative, Dist 11 - R", "State Representative, Dist 12 - D", 
"State Representative, Dist 12 - R", "State Representative, Dist 13 - D", 
"State Representative, Dist 13 - R", "State Representative, Dist 14 - D", 
"State Representative, Dist 15 - D", "State Representative, Dist 16 - D", 
"State Representative, Dist 16 - R", "State Representative, Dist 17 - R", 
"State Representative, Dist 18 - D", "State Representative, Dist 18 - R", 
"State Representative, Dist 19 - D", "State Representative, Dist 19 - R", 
"State Representative, Dist 2 - D", "State Representative, Dist 20 - D", 
"State Representative, Dist 20 - G", "State Representative, Dist 20 - N", 
"State Representative, Dist 20 - R", "State Representative, Dist 21 - D", 
"State Representative, Dist 22 - D", "State Representative, Dist 22 - R", 
"State Representative, Dist 23 - D", "State Representative, Dist 23 - R", 
"State Representative, Dist 24 - D", "State Representative, Dist 24 - R", 
"State Representative, Dist 25 - D", "State Representative, Dist 26 - D", 
"State Representative, Dist 26 - R", "State Representative, Dist 27 - D", 
"State Representative, Dist 27 - R", "State Representative, Dist 28 - D", 
"State Representative, Dist 28 - R", "State Representative, Dist 29 - D", 
"State Representative, Dist 3 - D", "State Representative, Dist 3 - L", 
"State Representative, Dist 3 - R", "State Representative, Dist 30 - D", 
"State Representative, Dist 31 - D", "State Representative, Dist 31 - R", 
"State Representative, Dist 32 - D", "State Representative, Dist 32 - R", 
"State Representative, Dist 33 - D", "State Representative, Dist 33 - R", 
"State Representative, Dist 34 - D", "State Representative, Dist 35 - D", 
"State Representative, Dist 36 - D", "State Representative, Dist 36 - R", 
"State Representative, Dist 37 - D", "State Representative, Dist 37 - R", 
"State Representative, Dist 38 - D", "State Representative, Dist 39 - D", 
"State Representative, Dist 39 - R", "State Representative, Dist 4 - D", 
"State Representative, Dist 4 - N", "State Representative, Dist 40 - D", 
"State Representative, Dist 40 - R", "State Representative, Dist 41 - D", 
"State Representative, Dist 41 - R", "State Representative, Dist 42 - D", 
"State Representative, Dist 42 - R", "State Representative, Dist 43 - D", 
"State Representative, Dist 43 - R", "State Representative, Dist 44 - D", 
"State Representative, Dist 44 - R", "State Representative, Dist 45 - D", 
"State Representative, Dist 45 - R", "State Representative, Dist 46 - D", 
"State Representative, Dist 46 - R", "State Representative, Dist 47 - D", 
"State Representative, Dist 47 - R", "State Representative, Dist 48 - D", 
"State Representative, Dist 49 - D", "State Representative, Dist 5 - D", 
"State Representative, Dist 5 - R", "State Representative, Dist 50 - R", 
"State Representative, Dist 51 - D", "State Representative, Dist 51 - R", 
"State Representative, Dist 6 - D", "State Representative, Dist 6 - R", 
"State Representative, Dist 7 - D", "State Representative, Dist 8 - D", 
"State Representative, Dist 9 - D", "State Senator, Dist 1 - D", 
"State Senator, Dist 10 - D", "State Senator, Dist 10 - R", "State Senator, Dist 11 - D", 
"State Senator, Dist 11 - R", "State Senator, Dist 12 - D", "State Senator, Dist 12 - R", 
"State Senator, Dist 13 - D", "State Senator, Dist 14 - D", "State Senator, Dist 15 - D", 
"State Senator, Dist 16 - D", "State Senator, Dist 16 - R", "State Senator, Dist 17 - D", 
"State Senator, Dist 18 - D", "State Senator, Dist 18 - R", "State Senator, Dist 19 - D", 
"State Senator, Dist 2 - D", "State Senator, Dist 2 - R", "State Senator, Dist 20 - D", 
"State Senator, Dist 20 - R", "State Senator, Dist 21 - D", "State Senator, Dist 21 - R", 
"State Senator, Dist 22 - D", "State Senator, Dist 22 - R", "State Senator, Dist 23 - D", 
"State Senator, Dist 23 - R", "State Senator, Dist 24 - D", "State Senator, Dist 25 - D", 
"State Senator, Dist 25 - R", "State Senator, Dist 3 - D", "State Senator, Dist 3 - N", 
