energyConsum <-
structure(c(7.1, 7.3, 7.7, 8.7, 9.4, 9.9, 10.5, 11.7, 12.6, 14.1, 
15.5, 16.8, 18.6, 19, 19.3, 19, 20.3, 20.7, 20.8, 21.4, 21, 20.9, 
19.6, 20.1, 19.7, 19.9, 20.4, 22, 23, 25.4, 30.7, 26.1, 29.7, 
29.6, 30.5, 31.3, 32.1, 32.2, 32.4, 32.4, 33.1, 32.3, 34.6, 33.7, 
34.7, 35.3, 35.8, 36.4, 36, 35.8, 34.2, 5.3, 5.6, 5.7, 6.2, 6.9, 
7, 7.7, 8.4, 9.2, 10.7, 12.5, 12.5, 13.7, 14.5, 14.3, 14.5, 16.4, 
18, 18.5, 19.7, 20.1, 18.1, 16.9, 17.2, 18.3, 18.4, 20.9, 23.8, 
36.9, 36.1, 37.2, 28.8, 38.6, 30.7, 35, 34.6, 34, 35.5, 45.9, 
36, 37.3, 36.6, 39.4, 39.6, 43.4, 41.8, 42.6, 42.2, 42.8, 42.2, 
39.8, 20.6, 26.8, 28.7, 29.9, 32.4, 34.7, 35.8, 38.7, 38.9, 41, 
43.7, 43.6, 49.2, 49.9, 49.9, 50.4, 51.7, 53.3, 53.1, 59.2, 74.7, 
73.7, 79.6, 66.2, 65, 67.3, 76.9, 79.6, 88.8, 93.8, 98.9, 89, 
93.6, 92.3, 93.8, 93, 95.6, 88.7, 80.7, 78, 78, 69.5, 70.8, 66, 
66.2, 70.2, 69.2, 67.1, 64.3, 63.3, 64.2, 61.8, 74, 66.1, 69.5, 
74.8, 79, 91.5, 105.1, 122, 125.1, 125.3, 138.8, 136.5, 140.9, 
128.7, 130.5, 131.7, 141.3, 144.6, 156.4, 146.7, 124.1, 102.2, 
117.9, 129.4, 142.9, 127.1, 124.1, 140.9, 154.5, 154.5, 151.2, 
144.1, 130.4, 140, 138.2, 121.6, 117.3, 114.6, 123.1, 125.2, 
132, 140.2, 162, 172.1, 179.4, 181.6, 195.3, 138.6, 129.2, 134, 
17.6, 19.4, 21.4, 24.2, 26.7, 27.6, 29.7, 31.3, 35, 38.7, 43.2, 
47.7, 54.1, 55.6, 57.5, 58.8, 62.5, 65.2, 66.8, 67.7, 69.7, 69.9, 
66.9, 68.6, 70.4, 69.8, 72.7, 76.5, 81.7, 86.5, 105.9, 88.7, 
99.3, 99.5, 102.3, 105.5, 107.5, 107.3, 105.6, 106.6, 108.5, 
105.3, 110.9, 109.1, 110.8, 109.8, 110.6, 111.8, 109, 105.6, 
98.8), .Dim = c(51L, 5L), .Dimnames = list(NULL, c("Residential", 
"Commercial", "Industrial", "Transportation", "Electricpower"
)), .Tsp = c(1960, 2010, 1), class = c("mts", "ts", "matrix"))
