expenditure <-
structure(c(4013.5, 4140.2, 4575.5, 4646.9, 4811.9, 5064.9, 5570.9, 
5633.9, 6198.1, 6636.3, 7283.5, 7643.7, 7449.5, 7990.3, 8159.3, 
8449.2, 8659.7, 9036.4, 9728.8, 10474.8, 11269.3, 12176.3, 12699.3, 
13495.1, 14061.9, 15009.3, 18985.4, 20855.2, 961.2, 1023.4, 1108.1, 
1175.2, 1260, 1346.9, 1453.3, 1538.1, 1660.2, 1735.5, 1842.6, 
1970.5, 2043.3, 2138.5, 2261.9, 2348.4, 2430.5, 2582.9, 2798.7, 
2899.3, 3014.1, 3202.2, 3318.7, 3533.6, 3752.4, 3872.8, 4221.6, 
4368.4, 291.8, 297.9, 336.1, 342, 357.5, 368.2, 431.1, 520.7, 
589.8, 772.7, 825.3, 852, 1069.2, 1099.1, 1127.6, 1078.8, 1077.7, 
1069.7, 1132.5, 1305.6, 1344.9, 1403.2, 1474.1, 1574.8, 1590.7, 
1903.1, 2341.5, 2462.8, 14.9, 49.9, 48.4, 49.4, 55.8, 67.7, 70.1, 
79.1, 83.2, 90.2, 130.9, 122.5, 57.4, 101.3, 105.8, 101.9, 122.4, 
128.5, 142.1, 129.1, 157.3, 203.4, 178.1, 215.6, 321.5, 361.7, 
275.1, 356.1, 475.1, 383, 468, 500.7, 540.6, 613.3, 707.3, 783, 
786.2, 974.5, 1357.2, 1295, 1192.1, 1215.4, 1256.1, 1310.3, 1451.7, 
1532.5, 1663.7, 1836.1, 1911, 2147.6, 2167.9, 2312.3, 2452.4, 
2282.9, 3261.1, 3025.6, 534.5, 577.4, 672.4, 619, 525, 591.2, 
624.3, 547.3, 760.9, 694.9, 742.5, 905.4, 777.3, 1027.4, 1077.3, 
1052.6, 1141.4, 1293.8, 1466.9, 1621.2, 1978.4, 2066, 2322.3, 
2147.8, 2327.7, 2455.9, 2729.8, 2744.8, 1735.9, 1808.6, 1942.4, 
1960.7, 2073.1, 2077.7, 2284.9, 2165.8, 2317.9, 2368.6, 2385, 
2498.3, 2310.2, 2408.6, 2330.5, 2557.2, 2436.1, 2429, 2525, 2683.5, 
2863.7, 3153.9, 3238.4, 3711, 3617.3, 4132.8, 6156.3, 7897.6), .Dim = c(28L, 
7L), .Dimnames = list(NULL, c("Direct", "Retirement", "Otherdirect", 
"Otherind", "Grants", "Procurement", "Salaries")), .Tsp = c(1983, 
2010, 1), class = c("mts", "ts", "matrix"))
