fossilFuel <-
structure(c(94.6, 113.5, 108.1, 113.9, 122.1, 129.3, 144.2, 162.5, 
181.1, 189.1, 195.4, 210.4, 216.6, 222.8, 210.6, 212.9, 218.4, 
231.9, 235.7, 255.3, 249.6, 223.2, 204.9, 206.4, 217, 233.2, 
228, 230.6, 269.2, 280.9, 293.5, 267.6, 279.1, 255.3, 274, 272.5, 
259.2, 251, 251.7, 247.6, 252.9, 257.7, 274.3, 287.9, 302.4, 
312.2, 313.5, 323.8, 261.8, 249.8, NA, NA, NA, NA, NA, NA, NA, 
NA, NA, NA, 203.5, 230.9, 241, 285.9, 404, 518, 563.9, 663, 736.4, 
1039.1, 1529.3, 1773.7, 1592.7, 1500.9, 1553, 1582.3, 1132.2, 
1171.7, 1259.8, 1454.8, 1798.9, 1528.2, 1461.6, 1388.2, 1432.9, 
1459.6, 1525.5, 1448.4, 1289.7, 1370, 1854.2, 1880.4, 1871.2, 
2318.7, 2876.2, 3883.1, 4529.4, 4987.2, 5318, 3386.9), .Dim = c(50L, 
2L), .Dimnames = list(NULL, c("FossilConsumption", "FossilExpenditure"
)), .Tsp = c(1960, 2009, 1), class = c("mts", "ts", "matrix"))
