gasPrice <-
structure(c(3.057, 3.055, 3.03, 3.401, 3.671, 3.632, 3.616, 3.624, 
3.517, 3.265, 3.115, 3.092, 3.202, 3.193, 3.223, 3.334, 3.653, 
3.717, 3.603, 3.583, 3.557, 3.532, 3.652, 3.844, 3.847, 3.859, 
3.933, 4.061, 4.261, 4.56, 4.694, 4.697, 4.613, 4.26, 3.468, 
2.787, 2.478, 2.545, 2.618, 2.687, 2.898, 3.272, 3.536, 3.604, 
3.727, 3.622, 3.703, 3.701, 3.75, 2.856, 2.89, 2.834, 3.2, 3.531, 
3.485, 3.492, 3.466, 3.39, 3.138, 2.997, 2.92, 3.008, 2.976, 
2.977, 3.103, 3.335, 3.408, 3.308, 3.277, 3.232, 3.226, 3.333, 
3.432, 3.472, 3.476, 3.584, 3.743, 3.953, 4.323, 4.511, 4.488, 
4.364, 3.911, 3.065, 2.525, 2.428, 2.498, 2.518, 2.534, 2.694, 
3.056, 3.222, 3.224, 3.369, 3.27, 3.351, 3.362, 3.406, 2.714, 
2.752, 2.724, 3.015, 3.297, 3.285, 3.265, 3.246, 3.108, 2.877, 
2.765, 2.744, 2.816, 2.764, 2.833, 2.995, 3.258, 3.314, 3.181, 
3.151, 3.109, 3.09, 3.228, 3.349, 3.364, 3.373, 3.508, 3.631, 
3.85, 4.198, 4.377, 4.335, 4.205, 3.743, 2.926, 2.354, 2.253, 
2.332, 2.369, 2.377, 2.534, 2.914, 3.122, 3.137, 3.249, 3.158, 
3.225, 3.229, 3.281, 2.314, 2.285, 2.418, 2.77, 2.892, 2.873, 
2.973, 2.952, 2.533, 2.239, 2.226, 2.309, 2.225, 2.254, 2.551, 
2.829, 3.118, 3.043, 2.97, 2.787, 2.802, 2.802, 3.073, 3.005, 
3.041, 3.034, 3.247, 3.446, 3.787, 4.05, 4.056, 3.76, 3.714, 
3.053, 2.098, 1.68, 1.795, 1.924, 1.96, 2.051, 2.299, 2.642, 
2.528, 2.62, 2.551, 2.557, 2.648, 2.611, 2.714), .Dim = c(49L, 
4L), .Dimnames = list(NULL, c("MauiCounty", "HawaiiCounty", "HonoluluCounty", 
"US")), .Tsp = c(2006, 2010, 12), class = c("mts", "ts", "matrix"
))
