greenSun <-
structure(c(32L, 41L, 799200L, 1114052L, 232404L, 291705L, 96696L, 
110360L), .Dim = c(2L, 4L), .Dimnames = list(NULL, c("loans", 
"amtLoans", "kWhSavings", "Savings")), .Tsp = c(2012, 2013, 1
), class = c("mts", "ts", "matrix"))
