handicap <-
structure(c(1492L, 1505L, 1523L, 1538L, 1544L, 1553L, 1499L, 
1522L, 1439L, 1451L, 1467L, 1482L, 1492L, 1505L, 1523L, 1538L, 
1544L, 1553L, 1499L, 1522L, 1439L, 1451L, 1467L, 1482L, 1492L, 
1505L, 1523L, 1538L, 1544L, 1553L, 1499L, 1522L, 1439L, 1451L, 
1467L, 1482L, 1492L, 1505L, 1523L, 1538L, 1544L, 1553L, 1499L, 
1522L, 1439L, 1451L, 1467L, 1482L, 1492L, 1505L, 1523L, 1538L, 
1544L, 1553L, 1499L, 1522L, 1439L, 1451L, 1467L, 1482L, 1492L, 
1505L, 1523L, 1538L, 1544L, 1553L, 1499L, 1522L, 1439L, 1451L, 
1467L, 1482L, 1492L, 1505L, 1523L, 1538L, 1544L, 1553L, 1499L, 
1522L, 1439L, 1451L, 1467L, 1482L, 1492L, 1505L, 1523L, 1538L, 
1544L, 1553L, 1499L, 1522L, 1439L, 1451L, 1467L, 1482L, 1492L, 
1505L, 1523L, 1538L, 1544L, 1553L, 1499L, 1522L, 1439L, 1451L, 
1467L, 1482L, 1492L, 1505L, 1523L, 1538L, 1544L, 1553L, 1499L, 
1522L, 1439L, 1451L, 1467L, 1482L, 1492L, 1505L, 1523L, 1538L, 
1544L, 1553L, 1499L, 1522L, 1439L, 1451L, 1467L, 1482L, 1492L, 
2729L, 4522L, 2833L, 2565L, 6028L, 2546L, 2516L, 2796L, 3889L, 
2292L, 2659L, 4445L, 2729L, 4522L, 2833L, 2565L, 6028L, 2546L, 
2516L, 2796L, 3889L, 2292L, 2659L, 4445L, 2729L, 4522L, 2833L, 
2565L, 6028L, 2546L, 2516L, 2796L, 3889L, 2292L, 2659L, 4445L, 
2729L, 4522L, 2833L, 2565L, 6028L, 2546L, 2516L, 2796L, 3889L, 
2292L, 2659L, 4445L, 2729L, 4522L, 2833L, 2565L, 6028L, 2546L, 
2516L, 2796L, 3889L, 2292L, 2659L, 4445L, 2729L, 4522L, 2833L, 
2565L, 6028L, 2546L, 2516L, 2796L, 3889L, 2292L, 2659L, 4445L, 
2729L, 4522L, 2833L, 2565L, 6028L, 2546L, 2516L, 2796L, 3889L, 
2292L, 2659L, 4445L, 2729L, 4522L, 2833L, 2565L, 6028L, 2546L, 
2516L, 2796L, 3889L, 2292L, 2659L, 4445L, 2729L, 4522L, 2833L, 
2565L, 6028L, 2546L, 2516L, 2796L, 3889L, 2292L, 2659L, 4445L, 
2729L, 4522L, 2833L, 2565L, 6028L, 2546L, 2516L, 2796L, 3889L, 
2292L, 2659L, 4445L, 2729L, 4522L, 2833L, 2565L, 6028L, 2546L, 
2516L, 2796L, 3889L, 2292L, 2659L, 4445L, 2729L, 712L, 555L, 
658L, 566L, 549L, 534L, 443L, 616L, 633L, 656L, 614L, 549L, 712L, 
555L, 658L, 566L, 549L, 534L, 443L, 616L, 633L, 656L, 614L, 549L, 
712L, 555L, 658L, 566L, 549L, 534L, 443L, 616L, 633L, 656L, 614L, 
549L, 712L, 555L, 658L, 566L, 549L, 534L, 443L, 616L, 633L, 656L, 
614L, 549L, 712L, 555L, 658L, 566L, 549L, 534L, 443L, 616L, 633L, 
656L, 614L, 549L, 712L, 555L, 658L, 566L, 549L, 534L, 443L, 616L, 
633L, 656L, 614L, 549L, 712L, 555L, 658L, 566L, 549L, 534L, 443L, 
616L, 633L, 656L, 614L, 549L, 712L, 555L, 658L, 566L, 549L, 534L, 
443L, 616L, 633L, 656L, 614L, 549L, 712L, 555L, 658L, 566L, 549L, 
534L, 443L, 616L, 633L, 656L, 614L, 549L, 712L, 555L, 658L, 566L, 
549L, 534L, 443L, 616L, 633L, 656L, 614L, 549L, 712L, 555L, 658L, 
566L, 549L, 534L, 443L, 616L, 633L, 656L, 614L, 549L, 712L, 575L, 
679L, 578L, 515L, 583L, 398L, 753L, 619L, 0L, 501L, 556L, 0L, 
575L, 679L, 578L, 515L, 583L, 398L, 753L, 619L, 0L, 501L, 556L, 
0L, 575L, 679L, 578L, 515L, 583L, 398L, 753L, 619L, 0L, 501L, 
556L, 0L, 575L, 679L, 578L, 515L, 583L, 398L, 753L, 619L, 0L, 
501L, 556L, 0L, 575L, 679L, 578L, 515L, 583L, 398L, 753L, 619L, 
0L, 501L, 556L, 0L, 575L, 679L, 578L, 515L, 583L, 398L, 753L, 
619L, 0L, 501L, 556L, 0L, 575L, 679L, 578L, 515L, 583L, 398L, 
753L, 619L, 0L, 501L, 556L, 0L, 575L, 679L, 578L, 515L, 583L, 
398L, 753L, 619L, 0L, 501L, 556L, 0L, 575L, 679L, 578L, 515L, 
583L, 398L, 753L, 619L, 0L, 501L, 556L, 0L, 575L, 679L, 578L, 
515L, 583L, 398L, 753L, 619L, 0L, 501L, 556L, 0L, 575L, 679L, 
578L, 515L, 583L, 398L, 753L, 619L, 0L, 501L, 556L, 0L, 575L, 
4110L, 5539L, 6914L, 4556L, 5568L, 5491L, 4986L, 6639L, 8332L, 
5648L, 5217L, 7351L, 4110L, 5539L, 6914L, 4556L, 5568L, 5491L, 
4986L, 6639L, 8332L, 5648L, 5217L, 7351L, 4110L, 5539L, 6914L, 
4556L, 5568L, 5491L, 4986L, 6639L, 8332L, 5648L, 5217L, 7351L, 
4110L, 5539L, 6914L, 4556L, 5568L, 5491L, 4986L, 6639L, 8332L, 
5648L, 5217L, 7351L, 4110L, 5539L, 6914L, 4556L, 5568L, 5491L, 
4986L, 6639L, 8332L, 5648L, 5217L, 7351L, 4110L, 5539L, 6914L, 
4556L, 5568L, 5491L, 4986L, 6639L, 8332L, 5648L, 5217L, 7351L, 
4110L, 5539L, 6914L, 4556L, 5568L, 5491L, 4986L, 6639L, 8332L, 
5648L, 5217L, 7351L, 4110L, 5539L, 6914L, 4556L, 5568L, 5491L, 
4986L, 6639L, 8332L, 5648L, 5217L, 7351L, 4110L, 5539L, 6914L, 
4556L, 5568L, 5491L, 4986L, 6639L, 8332L, 5648L, 5217L, 7351L, 
4110L, 5539L, 6914L, 4556L, 5568L, 5491L, 4986L, 6639L, 8332L, 
5648L, 5217L, 7351L, 4110L, 5539L, 6914L, 4556L, 5568L, 5491L, 
4986L, 6639L, 8332L, 5648L, 5217L, 7351L, 4110L, 5L, 0L, 0L, 
8L, 5L, 8L, 0L, 214L, 239L, 116L, 2L, 0L, 5L, 0L, 0L, 8L, 5L, 
8L, 0L, 214L, 239L, 116L, 2L, 0L, 5L, 0L, 0L, 8L, 5L, 8L, 0L, 
214L, 239L, 116L, 2L, 0L, 5L, 0L, 0L, 8L, 5L, 8L, 0L, 214L, 239L, 
116L, 2L, 0L, 5L, 0L, 0L, 8L, 5L, 8L, 0L, 214L, 239L, 116L, 2L, 
0L, 5L, 0L, 0L, 8L, 5L, 8L, 0L, 214L, 239L, 116L, 2L, 0L, 5L, 
0L, 0L, 8L, 5L, 8L, 0L, 214L, 239L, 116L, 2L, 0L, 5L, 0L, 0L, 
8L, 5L, 8L, 0L, 214L, 239L, 116L, 2L, 0L, 5L, 0L, 0L, 8L, 5L, 
8L, 0L, 214L, 239L, 116L, 2L, 0L, 5L, 0L, 0L, 8L, 5L, 8L, 0L, 
214L, 239L, 116L, 2L, 0L, 5L, 0L, 0L, 8L, 5L, 8L, 0L, 214L, 239L, 
116L, 2L, 0L, 5L, 1803L, 1723L, 2140L, 1748L, 1934L, 2031L, 1868L, 
1898L, 1758L, 1835L, 1839L, 1624L, 1803L, 1723L, 2140L, 1748L, 
1934L, 2031L, 1868L, 1898L, 1758L, 1835L, 1839L, 1624L, 1803L, 
1723L, 2140L, 1748L, 1934L, 2031L, 1868L, 1898L, 1758L, 1835L, 
1839L, 1624L, 1803L, 1723L, 2140L, 1748L, 1934L, 2031L, 1868L, 
1898L, 1758L, 1835L, 1839L, 1624L, 1803L, 1723L, 2140L, 1748L, 
1934L, 2031L, 1868L, 1898L, 1758L, 1835L, 1839L, 1624L, 1803L, 
1723L, 2140L, 1748L, 1934L, 2031L, 1868L, 1898L, 1758L, 1835L, 
1839L, 1624L, 1803L, 1723L, 2140L, 1748L, 1934L, 2031L, 1868L, 
1898L, 1758L, 1835L, 1839L, 1624L, 1803L, 1723L, 2140L, 1748L, 
1934L, 2031L, 1868L, 1898L, 1758L, 1835L, 1839L, 1624L, 1803L, 
1723L, 2140L, 1748L, 1934L, 2031L, 1868L, 1898L, 1758L, 1835L, 
1839L, 1624L, 1803L, 1723L, 2140L, 1748L, 1934L, 2031L, 1868L, 
1898L, 1758L, 1835L, 1839L, 1624L, 1803L, 1723L, 2140L, 1748L, 
1934L, 2031L, 1868L, 1898L, 1758L, 1835L, 1839L, 1624L, 1803L, 
435L, 438L, 595L, 581L, 837L, 960L, 661L, 853L, 1026L, 497L, 
1193L, 532L, 435L, 438L, 595L, 581L, 837L, 960L, 661L, 853L, 
1026L, 497L, 1193L, 532L, 435L, 438L, 595L, 581L, 837L, 960L, 
661L, 853L, 1026L, 497L, 1193L, 532L, 435L, 438L, 595L, 581L, 
837L, 960L, 661L, 853L, 1026L, 497L, 1193L, 532L, 435L, 438L, 
595L, 581L, 837L, 960L, 661L, 853L, 1026L, 497L, 1193L, 532L, 
435L, 438L, 595L, 581L, 837L, 960L, 661L, 853L, 1026L, 497L, 
1193L, 532L, 435L, 438L, 595L, 581L, 837L, 960L, 661L, 853L, 
1026L, 497L, 1193L, 532L, 435L, 438L, 595L, 581L, 837L, 960L, 
661L, 853L, 1026L, 497L, 1193L, 532L, 435L, 438L, 595L, 581L, 
837L, 960L, 661L, 853L, 1026L, 497L, 1193L, 532L, 435L, 438L, 
595L, 581L, 837L, 960L, 661L, 853L, 1026L, 497L, 1193L, 532L, 
435L, 438L, 595L, 581L, 837L, 960L, 661L, 853L, 1026L, 497L, 
1193L, 532L, 435L, 38L, 137L, 39L, 109L, 131L, 89L, 110L, 71L, 
61L, 118L, 52L, 56L, 38L, 137L, 39L, 109L, 131L, 89L, 110L, 71L, 
61L, 118L, 52L, 56L, 38L, 137L, 39L, 109L, 131L, 89L, 110L, 71L, 
61L, 118L, 52L, 56L, 38L, 137L, 39L, 109L, 131L, 89L, 110L, 71L, 
61L, 118L, 52L, 56L, 38L, 137L, 39L, 109L, 131L, 89L, 110L, 71L, 
61L, 118L, 52L, 56L, 38L, 137L, 39L, 109L, 131L, 89L, 110L, 71L, 
61L, 118L, 52L, 56L, 38L, 137L, 39L, 109L, 131L, 89L, 110L, 71L, 
61L, 118L, 52L, 56L, 38L, 137L, 39L, 109L, 131L, 89L, 110L, 71L, 
61L, 118L, 52L, 56L, 38L, 137L, 39L, 109L, 131L, 89L, 110L, 71L, 
61L, 118L, 52L, 56L, 38L, 137L, 39L, 109L, 131L, 89L, 110L, 71L, 
61L, 118L, 52L, 56L, 38L, 137L, 39L, 109L, 131L, 89L, 110L, 71L, 
61L, 118L, 52L, 56L, 38L), .Dim = c(133L, 9L), .Dimnames = list(
    NULL, c("patrons", "circ", "bnls", "nlsc", "req", "lib", 
    "check", "mat", "cas")), .Tsp = c(1, 12, 12), class = c("mts", 
"ts", "matrix"))
