hawaKEI <-
structure(c(1347, 1363, 1375, 1389, 1402, 1416, 1431, 6516, 7018, 
7284, 7754, 7923, 8115, 8305, 60839, 65463, 69015, 73259, 74794, 
76615, 78447, 9997, 11057, 12762, 13915, 14398, 15023, 15691, 
230.1, 234.9, 243.6, 250.9, 258, 264.4, 271, 54626, 56647, 59190, 
62031, 65133, 68520, 72083, 41893, 42521, 42834, 43582, 44515, 
45687, 46891, 598, 593.2, 599, 608.3, 618.9, 628.2, 636.4, 65451, 
66760, 68869, 71721, 74838, 78167, 81644, 58626, 59329, 60062, 
61383, 62795, 64302, 65845, 111.6, 112.5, 114.7, 116.8, 119.2, 
121.6, 124), .Dim = c(7L, 11L), .Dimnames = list(NULL, c("pop", 
"arrivals", "days", "expend", "honoCPI", "income", "Rincome", 
"jobs", "GDP", "realGDP", "GDPdeflator")), .Tsp = c(2009, 2015, 
1), class = c("mts", "ts", "matrix"))
