hawaBDMC <-
structure(c(204L, 174L, 200L, 161L, 216L, 180L, 202L, 136L, 130L, 
120L, 118L, 129L, 126L, 106L, 151L, 189L, 163L, 163L, 191L, 211L, 
211L, 15L, 14L, 5L, 8L, 4L, 5L, 5L), .Dim = c(7L, 4L), .Dimnames = list(
    NULL, c("birth", "deaths", "mar", "union")), .Tsp = c(1, 
1.5, 12), class = c("mts", "ts", "matrix"))
