honoAP <-
structure(c(4, 3, 3.9, 4.7, 4.8, 4.8, 4.8, 15, 15, 15, 15, 15, 
15, 15), .Dim = c(7L, 2L), .Dimnames = list(NULL, c("honoAvg", 
"national")), .Tsp = c(2005, 2011, 1), class = c("mts", "ts", 
"matrix"))
