honoBDMC <-
structure(c(1130L, 1086L, 1175L, 1140L, 1135L, 1154L, 1186L, 
626L, 649L, 666L, 643L, 650L, 611L, 574L, 718L, 882L, 959L, 949L, 
1117L, 1093L, 1054L, 72L, 40L, 23L, 28L, 30L, 31L, 26L), .Dim = c(7L, 
4L), .Dimnames = list(NULL, c("birth", "deaths", "mar", "union"
)), .Tsp = c(1, 1.5, 12), class = c("mts", "ts", "matrix"))
