honoCO <-
structure(c(3.4, 2.5, 2, 2.1, 1.6, 1.6, 1.6, 35, 35, 35, 35, 
35, 35, 35), .Dim = c(7L, 2L), .Dimnames = list(NULL, c("average", 
"standard")), .Tsp = c(2005, 2011, 1), class = c("mts", "ts", 
"matrix"))
