hostprog <-
structure(list(island = structure(c(4L, 4L, 4L, 4L, 4L, 4L, 4L, 
4L, 4L, 4L, 4L, 4L, 4L, 4L, 4L, 4L, 4L, 4L, 4L, 4L, 4L, 4L, 4L, 
4L, 1L, 1L, 1L, 1L, 1L, 1L, 1L, 1L, 1L, 1L, 1L, 1L, 2L, 2L, 2L, 
2L, 2L, 2L, 3L, 3L, 3L, 3L, 3L, 3L, 3L, 3L), .Label = c("Hawaii", 
"Kauai", "Maui", "Oahu"), class = "factor"), library = structure(c(1L, 
2L, 3L, 6L, 9L, 10L, 12L, 14L, 15L, 16L, 18L, 26L, 28L, 30L, 
31L, 32L, 39L, 41L, 43L, 44L, 45L, 46L, 48L, 50L, 7L, 8L, 13L, 
19L, 20L, 25L, 34L, 35L, 36L, 37L, 38L, 42L, 5L, 17L, 22L, 27L, 
40L, 49L, 4L, 11L, 21L, 23L, 24L, 29L, 33L, 47L), .Label = c("Aiea", 
"Aina Haina", "Ewa Beach", "Hana", "Hanapepe", "Hawaii Kai", 
"Hilo", "Honokaa", "HSL", "Kahuku", "Kahului", "Kailua", "Kailua/Kona", 
"Kaimuki", "Kalihi", "Kaneohe ", "Kapaa", "Kapolei ", "Keaau", 
"Kealakekua", "Kihei", "Koloa ", "Lahaina", "Lanai", "Laupahoehoe", 
"LBPH ", "Lihue ", "Liliha ", "Makawao", "Manoa", "McCully   ", 
"Mililani  ", "Molokai ", "Mt View", "Naalehu", "North Kohala*", 
"Pahala", "Pahoa", "Pearl City ", "Princeville ", "Salt Lake", 
"T. Parker", "Wahiawa ", "Waialua ", "Waianae", "Waikiki ", "Wailuku  ", 
"Waimanalo", "Waimea", "Waipahu "), class = "factor"), prog09 = c(70L, 
84L, 81L, 79L, 218L, 154L, 66L, 71L, 223L, 105L, 156L, 12L, 161L, 
15L, 46L, 59L, 99L, 103L, 30L, 73L, 50L, 15L, 89L, 40L, 33L, 
34L, 36L, 6L, 2L, 99L, 6L, 2L, 82L, 38L, 31L, 390L, 52L, 1L, 
4L, 43L, 18L, 4L, 71L, 105L, 128L, 8L, 66L, 70L, 74L, 96L), attend09 = c(2055L, 
3928L, 2715L, 2952L, 6546L, 4245L, 2293L, 1883L, 6337L, 2855L, 
11976L, 314L, 2815L, 420L, 1754L, 3271L, 5831L, 6373L, 648L, 
3040L, 1130L, 331L, 3441L, 1770L, 1183L, 479L, 1277L, 209L, 47L, 
1105L, 415L, 80L, 1213L, 568L, 948L, 12323L, 1108L, 15L, 205L, 
882L, 1189L, 93L, 2132L, 1597L, 6370L, 189L, 1304L, 2337L, 2284L, 
2456L), prog10 = c(78L, 82L, 27L, 76L, 122L, 149L, 44L, 65L, 
196L, 72L, 151L, 10L, 141L, 0L, 44L, 54L, 24L, 86L, 6L, 116L, 
40L, 15L, 99L, 47L, 33L, 15L, 50L, 9L, 12L, 8L, 7L, 10L, 68L, 
1L, 16L, 152L, 48L, 1L, 3L, 40L, 27L, 8L, 54L, 54L, 144L, 26L, 
57L, 71L, 66L, 83L), attend10 = c(2299L, 3793L, 682L, 2973L, 
5462L, 4292L, 2346L, 1509L, 5656L, 1935L, 11411L, 255L, 2699L, 
0L, 1985L, 2516L, 1341L, 6920L, 205L, 4779L, 498L, 196L, 3715L, 
1345L, 3655L, 249L, 1915L, 107L, 330L, 222L, 176L, 180L, 1459L, 
43L, 642L, 3119L, 1335L, 15L, 215L, 634L, 781L, 263L, 1480L, 
771L, 6785L, 377L, 1981L, 2328L, 1857L, 2178L), prog11 = c(68L, 
77L, 35L, 82L, 77L, 157L, 67L, 53L, 178L, 68L, 138L, 16L, 161L, 
1L, 32L, 45L, 33L, 95L, 3L, 116L, 48L, 6L, 97L, 44L, 69L, 11L, 
57L, 49L, 26L, 2L, 5L, 7L, 89L, 4L, 8L, 122L, 51L, 1L, 0L, 53L, 
40L, 6L, 54L, 50L, 151L, 27L, 43L, 51L, 54L, 117L), attend11 = c(1998L, 
4087L, 859L, 3173L, 3577L, 3980L, 3031L, 1800L, 5045L, 4356L, 
9378L, 255L, 2395L, 100L, 1657L, 2459L, 1936L, 5401L, 20L, 3938L, 
2642L, 212L, 4103L, 1263L, 8490L, 205L, 1777L, 462L, 516L, 202L, 
284L, 157L, 2191L, 107L, 235L, 2991L, 1366L, 300L, 0L, 805L, 
929L, 102L, 1153L, 696L, 6723L, 313L, 1263L, 2363L, 903L, 4020L
)), .Names = c("island", "library", "prog09", "attend09", "prog10", 
"attend10", "prog11", "attend11"), class = "data.frame", row.names = c(NA, 
-50L))
