hurricane <-
structure(list(shelter = structure(c(45L, 78L, 114L, 190L, 223L, 
200L, 131L, 159L, 53L, 63L, 81L, 125L, 22L, 32L, 148L, 89L, 220L, 
90L, 217L, 105L, 134L, 203L, 96L, 26L, 187L, 138L, 40L, 165L, 
191L, 227L, 214L, 108L, 58L, 193L, 54L, 198L, 140L, 4L, 208L, 
216L, 88L, 201L, 160L, 49L, 224L, 119L, 202L, 35L, 47L, 56L, 
126L, 123L, 150L, 173L, 25L, 8L, 70L, 180L, 109L, 91L, 60L, 229L, 
82L, 189L, 157L, 21L, 49L, 204L, 115L, 50L, 175L, 74L, 97L, 113L, 
192L, 176L, 92L, 9L, 153L, 133L, 195L, 36L, 28L, 44L, 3L, 52L, 
207L, 168L, 43L, 122L, 110L, 31L, 68L, 166L, 162L, 136L, 219L, 
185L, 230L, 141L, 85L, 117L, 20L, 79L, 51L, 182L, 222L, 65L, 
84L, 135L, 27L, 72L, 17L, 69L, 34L, 59L, 128L, 139L, 55L, 231L, 
118L, 39L, 116L, 184L, 163L, 156L, 169L, 129L, 94L, 199L, 206L, 
178L, 57L, 112L, 218L, 48L, 228L, 161L, 30L, 61L, 83L, 100L, 
164L, 95L, 14L, 177L, 75L, 104L, 142L, 170L, 71L, 146L, 215L, 
194L, 42L, 93L, 10L, 137L, 77L, 213L, 147L, 106L, 62L, 167L, 
33L, 209L, 124L, 73L, 101L, 80L, 188L, 18L, 211L, 145L, 64L, 
225L, 15L, 154L, 37L, 226L, 41L, 87L, 143L, 181L, 171L, 66L, 
179L, 6L, 103L, 19L, 121L, 46L, 98L, 149L, 158L, 130L, 196L, 
197L, 1L, 67L, 221L, 120L, 23L, 132L, 174L, 186L, 111L, 5L, 76L, 
86L, 102L, 24L, 144L, 152L, 172L, 107L, 7L, 2L, 12L, 151L, 127L, 
38L, 205L, 183L, 232L, 99L, 212L, 155L, 210L, 11L, 13L, 29L, 
16L), .Label = c("Ahuimanu Elementary ", "Aiea Elementary ", 
"Aiea High ", "Aiea Intermediate ", "Aikahi Elementary", "Aina Haina Elementary ", 
"Aliamanu Elementary ", "Aliamanu Middle ", "Aliiolani Elementary ", 
"Anuenue Elementary", "August Ahrens Elementary", "Baldwin High  ", 
"Barbers Point Elementary", "Benjamin Parker Elementary", "Brigham Young Unversity of Hawaii ", 
"Campbell High ", "Castle High ", "Central Middle ", "Dole Middle ", 
"E B de Silva Elementary", "Eleele Elementary School   ", "Enchanted Lake Elementary ", 
"Ewa Beach Elementary", "Ewa Elementary ", "Farrington High", 
"Fern Elementary", "Hahaione Elementary ", "Haiku Elementary", 
"Halawa District Park", "Hana High", "Hanalani Elementary", "Hawaii Convention Center ", 
"Heeia Elementary ", "Helemano Elementary ", "Hickam Elementary", 
"Highlands Intermediate ", "Hilo High   ", "Hilo Intermediate   ", 
"Hokulani Elementary ", "Holualoa Elementary", "Honaunau Elementary", 
"Honokaa High and Intermediate   ", "Honowai Elementary ", "Hookena Elementary", 
"Iao Elementary  ", "Iliahi Elementary", "Ilima Intermediate ", 
"Jarrett Middle ", "Kaahumanu Elementary", "Kaala Elementary ", 
"Kaewai Elementary ", "Kahakai Elementary   ", "Kahala Elementary ", 
"Kahaluu Elementary ", "Kahuku Elementary", "Kahuku High and Intermediate ", 
"Kahului Elementary  ", "Kailua Elementary ", "Kailua High ", 
"Kailua Intermediate ", "Kaimiloa Elementary", "Kaimuki High ", 
"Kaimuki Middle ", "Kainalu Elementary", "Kaiser High ", "Kaiulani Elementary ", 
"Kalaheo Elementary School   ", "Kalaheo High ", "Kalakaua Middle ", 
"Kalama Intermediate  ", "Kalani High ", "Kalanianaole Elementary   ", 
"Kaleiopuu Elementary", "Kalihi-Kai Elementary ", "Kalihi-Uka Elementary ", 
"Kalihi-Waena Elementary ", "Kalihi Elementary", "Kalihi Valley District Park", 
"Kamaile Elementary", "Kamakahelei Middle     ", "Kamalii Elementary  ", 
"Kamiloiki Elementary ", "Kaneohe Elementary", "Kanoelani Elementary", 
"Kapaa Elementary School     ", "Kapaa High School   ", "Kapaa Middle School   ", 
"Kapalama Elementary ", "Kapolei Elementary ", "Kapolei High ", 
"Kapunahala Elementary", "Kau High and Pahala Elementary   ", 
"Kauai Community College", "Kauai High   ", "Kauai Humane Society [pets only] ", 
"Kauai War Memorial Convention Hall", "Kauluwela Elementary", 
"Kaumana Elementary   ", "Kaunakakai Elementary", "Kawananakoa Middle ", 
"Keaau Elementary", "Keaau High   ", "Keaau Middle   ", "Kealakehe Elementary   ", 
"Kealakehe High   ", "Kealakehe Intermediate   ", "Keolu Elementary", 
"Keonepoko Elementary   ", "Kihei Elementary  ", "Kilauea Elementary School", 
"Kilauea Neighborhood Center     ", "King Intermediate ", "King Kaumualii Elementary     ", 
"King Kekaulike High  ", "Kipapa Elementary ", "Kohala High and Elementary   ", 
"Kohala Intermediate   ", "Koko Head Elementary ", "Koloa Elementary School     ", 
"Konawaena High   ", "Kualapuu Elementary", "Kuhio Elementary", 
"Lahaina Intermediate  ", "Lahainaluna High", "Lanai High ", 
"Lanakila District Park", "Lanakila Elementary ", "Lanikai Elementary ", 
"Lehua Elementary ", "Leihoku Elementary", "Leilehua High ", 
"Lihikai Elementary  ", "Liholiho Elementary ", "Likelike Elementary", 
"Linapuni Elementary ", "Lincoln Elementary", "Lokelani Intermediate  ", 
"Lunalilo Elementary", "Maemae Elementary ", "Makaha Elementary", 
"Makakilo Elementary", "Makalapa Elementary ", "Makawao Elementary  ", 
"Makiki District Park", "Manana Elementary ", "Manoa Elementary ", 
"Maui Community College", "Maui High  ", "Maui Waena Intermediate  ", 
"Mauka Lani Elementary ", "Maunawili Elementary ", "McKinley High ", 
"Mililani-Uka Elementary ", "Mililani High ", "Mililani Ike Elementary", 
"Mililani Mauka Elementary", "Mililani Middle ", "Mililani Waena Elementary ", 
"Moanalua Elementary ", "Moanalua High ", "Moanalua Middle ", 
"Mokapu Elementary ", "Mokulele Elementary", "Molokai High ", 
"Momilani Elementary", "Mountain View Elementary   ", "Nanakuli Elementary", 
"Nanakuli High & Intermediate ", "Neal Blaisdell Center ", "Nimitz Elementary", 
"Niu Valley Middle ", "Noelani Elementary ", "Nuuanu Elementary", 
"Pahoa Elementary   ", "Pahoa High and Intermediate   ", "Paia Elementary  ", 
"Palisades Elementary ", "Palolo Elementary ", "Pauoa Elementary", 
"Pearl City District Park", "Pearl City Elementary", "Pearl City High ", 
"Pearl City Highlands Elementary ", "Pearl Harbor Elementary", 
"Pearl Harbor Kai Elementary", "Pearlridge Elementary ", "Pohakea Elementary", 
"Pope Elementary ", "Princess Nahienaena Elementary  ", "Pukalani Elementary  ", 
"Puohala Elementary", "Puuhale Elementary ", "Radford High ", 
"Red Hill Elementary ", "Roosevelt High ", "Royal Elementary ", 
"Salt Lake Elementary ", "Shafter Elementary", "Solomon Elementary", 
"South Hilo District", "Stevenson Middle ", "Wahiawa Elementary ", 
"Wahiawa Middle ", "Waiahole Elementary ", "Waiakea Elementary   ", 
"Waiakea High   ", "Waiakea Intermediate   ", "Waiakea Waena Elementary   ", 
"Waialae Elementary ", "Waialua High and Intermediate ", "Waianae Elementary", 
"Waiau Elementary", "Waihee Elementary  ", "Waikiki Elementary", 
"Waikoloa Elementary   ", "Wailuku Elementary  ", "Waimalu Elementary ", 
"Waimanalo Elementary and Inter. ", "Waimea Canyon Elementary and Middle   ", 
"Waimea Elementary   ", "Waimea High   ", "Waimea Middle", "Waimea State Offi ce Building", 
"Waipahu Elementary ", "Waipahu High ", "Waipahu Intermediate ", 
"Washington Middle ", "Webling Elementary", "Wheeler Elementary", 
"Wheeler Middle ", "Wilcox Elementary", "Wilson Elementary "), class = "factor"),