Income <-
structure(c(21481L, 8878L, 16414L, 10712L, 7864L, 4906L, 1050L, 
615L, 257L, 151L, 19071L, 6185L, 9739L, 4375L, 3592L, 2019L, 
993L, 390L, 164L, 311L, 2577L, 473L, 784L, 251L, 77L, 72L, 0L, 
0L, 127L, 0L), .Dim = c(10L, 3L), .Dimnames = structure(list(
    Income = c(" Less than $10,000", "$10,000 - $14,999", "$15,000 - $24,999", 
    "$25,000 - $34,999", "$35,000 - $49,999", "$50,000 -  $74,999", 
    "$75,000  -  $99,999", "$100,000 -  $149,999", "$150,000 -  $199,999", 
    "$200,000 or more"), Ability = c("Well", "Slightly", "Never"
    )), .Names = c("Income", "Ability")), class = "table")
