jobcount <-
structure(c(516900L, 521000L, 522300L, 526000L, 527200L, 528200L, 
529600L, 530200L, 530600L, 535000L, 537300L, 536300L, 540000L, 
537000L, 536300L, 535500L, 535800L, 537500L, 539700L, 540700L, 
541100L, 541800L, 542600L, 542400L, 542000L, 542300L, 543100L, 
542600L, 542400L, 543000L, 544500L, 544500L, 542700L, 541700L, 
541800L, 542100L, 538100L, 540100L, 540300L, 541200L, 541100L, 
541100L, 538900L, 537100L, 536800L, 538500L, 536700L, 535600L, 
535300L, 534900L, 536300L, 536600L, 533400L, 535700L, 536200L, 
536000L, 536400L, 537100L, 538500L, 537700L, 536300L, 535400L, 
536200L, 535200L, 533400L, 533200L, 532700L, 531100L, 530400L, 
530000L, 530300L, 530100L, 530100L, 532100L, 532300L, 530000L, 
529900L, 529800L, 531800L, 531200L, 528700L, 530100L, 530400L, 
532600L, 532700L, 532900L, 533300L, 532700L, 531500L, 531900L, 
531100L, 532700L, 529300L, 530100L, 530400L, 530500L, 530100L, 
529900L, 530100L, 530500L, 531300L, 530800L, 531600L, 533700L, 
532200L, 530600L, 531300L, 531200L, 527800L, 528700L, 530200L, 
531600L, 532200L, 534100L, 535000L, 539600L, 537900L, 539700L, 
540700L, 542100L, 541800L, 543300L, 546200L, 548900L, 549700L, 
552300L, 552900L, 553300L, 557000L, 556500L, 556600L, 558500L, 
553600L, 557800L, 558800L, 557000L, 555300L, 558900L, 558000L, 
558600L, 558900L, 549300L, 546200L, 546500L, 549000L, 549800L, 
551600L, 549300L, 556000L, 562300L, 558800L, 558600L, 560400L, 
561500L, 560600L, 564600L, 564800L, 565200L, 565600L, 564100L, 
566300L, 567000L, 568100L, 567600L, 568600L, 570400L, 570600L, 
573100L, 574200L, 575500L, 575900L, 577700L, 580200L, 582400L, 
584700L, 585900L, 587100L, 590300L, 593000L, 592900L, 592900L, 
594200L, 595100L, 597800L, 600000L, 600900L, 603800L, 606700L, 
606700L, 606200L, 605400L, 610200L, 607900L, 611700L, 612900L, 
614300L, 615900L, 617600L, 617300L, 621000L, 623100L, 618700L, 
622000L, 623700L, 622800L, 623700L, 624200L, 620100L, 625200L, 
627300L, 625200L, 623600L, 626300L, 626600L, 623300L, 628000L, 
626300L, 626800L, 626500L, 625800L, 624700L, 622600L, 619900L, 
620100L, 614200L, 610600L, 613500L, 605400L, 602100L, 599300L, 
597500L, 594100L, 592700L, 593300L, 587300L, 585900L, 585400L, 
586100L, 584000L, 583300L, 582900L, 583700L, 584600L, 586200L, 
587800L, 585400L, 585300L, 582600L, 587300L, 589300L, 592400L, 
589900L, 589300L, 592000L, 593000L, 592200L, 591600L, 590500L, 
595400L, 590200L, 596800L, 597000L, 598900L, 599800L, 599000L, 
599600L, 599900L, 607700L, 603700L, 603400L, 604900L, 610500L, 
606000L, 609800L, 612100L, 611600L, 611200L, 609800L, 609600L, 
612900L, 610800L, 610300L, 612200L, 612800L, 516900L, 521000L, 
522300L, 526000L, 527200L, 528200L, 529600L, 530200L, 530600L, 
535000L, 537300L, 536300L, 540000L, 537000L, 536300L, 535500L, 
535800L, 537500L, 539700L, 540700L, 541100L, 541800L, 542600L, 
542400L, 542000L, 542300L, 543100L, 542600L, 542400L, 543000L, 
544500L, 544500L, 542700L, 541700L, 541800L, 542100L, 538100L, 
540100L, 540300L, 541200L, 541100L, 541100L, 538900L, 537100L, 
536800L, 538500L, 536700L, 535600L, 535300L, 534900L, 536300L, 
536600L, 533400L, 535700L, 536200L, 536000L, 536400L, 537100L, 
538500L, 537700L, 536300L, 535400L, 536200L, 535200L, 533400L, 
533200L, 532700L, 531100L, 530400L, 530000L, 530300L, 530100L, 
530100L, 532100L, 532300L, 530000L, 529900L, 529800L, 531800L, 
531200L, 528700L, 530100L, 530400L, 532600L, 532700L, 532900L, 
533300L, 532700L, 531500L, 531900L, 531100L, 532700L, 529300L, 
530100L, 530400L, 530500L, 530100L, 529900L, 530100L, 530500L, 
531300L, 530800L, 531600L, 533700L, 532200L, 530600L, 531300L, 
531200L, 527800L, 528700L, 530200L, 531600L, 532200L, 534100L, 
535000L, 539600L, 537900L, 539700L, 540700L, 542100L, 541800L, 
543300L, 546200L, 548900L, 549700L, 552300L, 552900L, 553300L, 
557000L, 556500L, 556600L, 558500L, 553600L, 557800L, 558800L, 
557000L, 555300L, 558900L, 558000L, 558600L, 558900L, 549300L, 
546200L, 546500L, 549000L, 549800L, 551600L, 549300L, 556000L, 
562300L, 558800L, 558600L, 560400L, 561500L, 560600L, 564600L, 
564800L, 565200L, 565600L, 564100L, 566300L, 567000L, 568100L, 
567600L, 568600L, 570400L, 570600L, 573100L, 574200L, 575500L, 
575900L, 577700L, 580200L, 582400L, 584700L, 585900L, 587100L, 
590300L, 593000L, 592900L, 592900L, 594200L, 595100L, 597800L, 
600000L, 600900L, 603800L, 606700L, 606700L, 606200L, 605400L, 
610200L, 607900L, 611700L, 612900L, 614300L, 615900L, 617600L, 
617300L, 621000L, 623100L, 618700L, 622000L, 623700L, 622800L, 
623700L, 624200L, 620100L, 625200L, 627300L, 625200L, 623600L, 
626300L, 626600L, 623300L, 628000L, 626300L, 626800L, 626500L, 
625800L, 624700L, 622600L, 619900L, 620100L, 614200L, 610600L, 
613500L, 605400L, 602100L, 599300L, 597500L, 594100L, 592700L, 
593300L, 587300L, 585900L, 585400L, 586100L, 584000L, 583300L, 
582900L, 583700L, 584600L, 586200L, 587800L, 585400L, 585300L, 
582600L, 587300L, 589300L, 592400L, 589900L, 589300L, 592000L, 
593000L, 592200L, 591600L, 590500L, 595400L, 590200L, 596800L, 
597000L, 598900L, 599800L, 599000L, 599600L, 599900L, 607700L, 
603700L, 603400L, 604900L, 610500L, 606000L, 609800L, 612100L, 
611600L, 611200L, 609800L, 609600L, 612900L, 610800L, 610300L, 
612200L, 612800L, 516900L, 521000L, 522300L, 526000L, 527200L, 
528200L, 529600L, 530200L, 530600L, 535000L, 537300L, 536300L, 
540000L, 537000L, 536300L, 535500L, 535800L, 537500L, 539700L, 
540700L, 541100L, 541800L, 542600L, 542400L, 542000L, 542300L, 
543100L, 542600L, 542400L, 543000L, 544500L, 544500L, 542700L, 
541700L, 541800L, 542100L, 538100L, 540100L, 540300L, 541200L
), .Tsp = c(1963, 2013.58333333333, 12), class = "ts")
