jobGrowth <-
structure(c(100L, 104L, 109L, 112L, 115L, 117L, 126L, 127L, 100L, 
106L, 110L, 118L, 124L, 127L, 155L, 156L), .Dim = c(8L, 2L), .Dimnames = list(
    NULL, c("USGrowth", "HawaiiGrowth")), .Tsp = c(2003, 2010, 
1), class = c("mts", "ts", "matrix"))
