kauaiRUP <-
structure(list(mnthYr = structure(c(2L, 2L, 2L, 2L, 2L, 2L, 2L, 
2L, 2L, 2L, 2L, 2L, 2L, 2L, 2L, 2L, 2L, 2L, 2L, 2L, 2L, 2L, 2L, 
2L, 2L, 2L, 2L, 2L, 2L, 2L, 2L, 2L, 2L, 2L, 2L, 2L, 2L, 2L, 2L, 
1L, 1L, 1L, 1L, 1L, 1L, 1L, 1L, 1L, 1L, 1L, 1L, 1L, 1L, 1L, 1L, 
1L, 1L, 1L, 1L, 1L, 1L, 1L, 1L, 1L, 1L, 1L, 1L, 1L, 1L, 1L, 1L, 
1L, 1L, 1L, 1L, 1L, 1L, 1L, 1L, 3L, 3L, 3L, 3L, 3L, 3L, 3L, 3L, 
3L, 3L, 3L, 3L, 3L, 3L, 3L, 3L, 3L, 3L, 3L, 3L, 3L, 3L, 3L, 3L, 
3L, 3L, 3L, 3L, 3L, 3L, 3L, 3L, 3L, 3L, 3L, 4L, 4L, 4L, 4L, 4L, 
4L, 4L, 4L, 4L, 4L, 4L, 4L, 4L, 4L, 4L, 4L, 4L, 4L, 4L, 4L, 4L, 
4L, 4L, 4L, 4L, 4L, 4L, 4L, 4L, 4L, 4L, 4L, 4L, 4L, 4L, 5L, 5L, 
5L, 5L, 5L, 5L, 5L, 5L, 5L, 5L, 5L, 5L, 5L, 5L, 5L, 5L, 5L, 5L, 
5L, 5L, 5L, 5L, 5L, 5L, 5L, 5L, 5L, 5L, 5L, 5L, 5L, 5L, 5L, 5L, 
5L), .Label = c("1/14", "12/13", "2/14", "3/14", "4/14"), class = "factor"), 
    operator = structure(c(4L, 5L, 5L, 5L, 5L, 5L, 5L, 5L, 5L, 
    5L, 5L, 5L, 5L, 1L, 1L, 1L, 2L, 2L, 2L, 2L, 2L, 2L, 2L, 2L, 
    2L, 2L, 3L, 3L, 3L, 3L, 3L, 3L, 3L, 3L, 3L, 3L, 3L, 3L, 3L, 
    1L, 1L, 1L, 1L, 4L, 2L, 2L, 2L, 2L, 2L, 2L, 2L, 2L, 2L, 2L, 
    2L, 2L, 3L, 3L, 3L, 3L, 3L, 3L, 3L, 3L, 3L, 3L, 3L, 3L, 5L, 
    5L, 5L, 5L, 5L, 5L, 5L, 5L, 5L, 5L, 5L, 1L, 1L, 2L, 2L, 2L, 
    2L, 2L, 2L, 2L, 2L, 2L, 2L, 2L, 2L, 5L, 5L, 5L, 5L, 5L, 5L, 
    5L, 5L, 5L, 5L, 5L, 4L, 3L, 3L, 3L, 3L, 3L, 3L, 3L, 3L, 3L, 
    1L, 1L, 1L, 2L, 2L, 2L, 2L, 2L, 2L, 2L, 2L, 2L, 4L, 5L, 5L, 
    5L, 5L, 5L, 5L, 5L, 5L, 5L, 5L, 5L, 5L, 5L, 3L, 3L, 3L, 3L, 
    3L, 3L, 3L, 3L, 3L, 1L, 1L, 1L, 1L, 4L, 5L, 5L, 5L, 5L, 5L, 
    5L, 5L, 5L, 5L, 2L, 2L, 2L, 2L, 2L, 2L, 2L, 2L, 2L, 2L, 3L, 
    3L, 3L, 3L, 3L, 3L, 3L, 3L, 3L, 3L, 3L), .Label = c("BASF Plant Science", 
    "Dow AgroSciences", "DuPont Pioneer", "Kaua'I Coffee Co. LLC", 
    "Syngenta"), class = "factor"), prdtName = structure(c(29L, 
    1L, 2L, 6L, 9L, 10L, 17L, 20L, 24L, 26L, 30L, 31L, 32L, 33L, 
    4L, 22L, 2L, 3L, 7L, 8L, 9L, 12L, 16L, 23L, 30L, 32L, 14L, 
    30L, 4L, 9L, 10L, 16L, 26L, 27L, 2L, 3L, 18L, 22L, 34L, 4L, 
    18L, 22L, 33L, 29L, 2L, 3L, 4L, 7L, 8L, 9L, 12L, 16L, 18L, 
    22L, 30L, 32L, 2L, 3L, 18L, 22L, 27L, 34L, 8L, 9L, 10L, 14L, 
    16L, 30L, 1L, 2L, 6L, 9L, 17L, 20L, 24L, 26L, 30L, 31L, 32L, 
    26L, 33L, 2L, 3L, 4L, 7L, 8L, 9L, 11L, 16L, 18L, 22L, 30L, 
    32L, 1L, 2L, 4L, 6L, 10L, 17L, 20L, 26L, 30L, 31L, 32L, 15L, 
    22L, 27L, 30L, 34L, 2L, 9L, 10L, 15L, 16L, 5L, 13L, 33L, 
    2L, 4L, 7L, 8L, 9L, 12L, 16L, 22L, 30L, 15L, 1L, 2L, 6L, 
    9L, 10L, 17L, 20L, 21L, 24L, 26L, 30L, 31L, 32L, 9L, 10L, 
    16L, 22L, 27L, 28L, 30L, 14L, 34L, 3L, 19L, 33L, 22L, 15L, 
    1L, 2L, 15L, 17L, 20L, 25L, 26L, 31L, 32L, 2L, 3L, 4L, 7L, 
    8L, 9L, 12L, 16L, 22L, 30L, 3L, 4L, 9L, 15L, 27L, 30L, 8L, 
    10L, 16L, 22L, 28L), .Label = c("Aatrex Nine-O", "Asana XL", 
    "Atrazine 4L", "Baythroid XL", "Bicep II Magnum", "Callisto EUP", 
    "Cobalt Advanced", "Coragen", "Dual II Magnum", "Force 3G", 
    "Gramaxone 2.0 SL", "Gramoxone 2.0 SL", "Gramoxone Inteon", 
    "Gramoxone SL", "Gramoxone SL 2.0", "Intrro", "Lannate", 
    "Lannate LV", "Lannate LV Dupont", "Lorsban", "Lorsban 15G", 
    "Lorsban Advanced", "Lumax", "Lumax EZ", "Lumax EZ ", "Mustang", 
    "Mustang Max", "Mustang Maxx", "No RUP's used", "Permethrin", 
    "Voliam Xpress", "Warrior II", "Warrior II w/Zeon tech.", 
    "Warrior II with Zeon Technology"), class = "factor"), regNo = structure(c(NA, 
    9L, 21L, 12L, 11L, 1L, 20L, 25L, 8L, 14L, 17L, 6L, 5L, 5L, 
    13L, 25L, 21L, 27L, 26L, 22L, 11L, 7L, 23L, 3L, 19L, 5L, 
    4L, 19L, 13L, 11L, 1L, 23L, 14L, 15L, 21L, 27L, 20L, 25L, 
    5L, 13L, 20L, 25L, 5L, NA, 21L, 27L, 13L, 26L, 22L, 11L, 
    7L, 23L, 20L, 25L, 19L, 5L, 21L, 27L, 20L, 25L, 15L, 5L, 
    22L, 11L, 1L, 4L, 23L, 19L, 9L, 21L, 12L, 11L, 20L, 25L, 
    8L, 14L, 17L, 6L, 5L, 14L, 5L, 21L, 27L, 13L, 26L, 22L, 11L, 
    7L, 23L, 20L, 25L, 19L, 5L, 9L, 21L, 13L, 12L, 1L, 20L, 25L, 
    14L, 17L, 6L, 5L, 7L, 25L, 15L, 19L, 5L, 21L, 11L, 1L, 7L, 
    23L, 10L, 4L, 5L, 21L, 13L, 26L, 22L, 11L, 7L, 23L, 25L, 
    19L, 7L, 9L, 21L, 12L, 11L, 1L, 20L, 25L, 24L, 8L, 14L, 17L, 
    6L, 5L, 11L, 2L, 23L, 25L, 15L, 16L, 19L, 4L, 5L, 18L, 20L, 
    5L, 25L, 7L, 9L, 21L, 7L, 20L, 25L, 8L, 14L, 6L, 5L, 21L, 
    27L, 13L, 26L, 22L, 11L, 7L, 23L, 25L, 19L, 27L, 13L, 11L, 
    7L, 15L, 19L, 22L, 2L, 23L, 25L, 16L), .Label = c("100-1075", 
    "100-1075-5481", "100-1152", "100-1217", "100-1295", "100-1320", 
    "100-1431", "100-1442", "100-585", "100-817", "100-818", 
    "100-EUP-114", "264-840", "279-3126", "279-3249", "279-3426", 
    "34074-873", "34704-69", "34704-873", "352-384", "352-515", 
    "352-729", "524-314", "62719-34", "62719-591", "62719-615", 
    "66222-36"), class = "factor"), gallonsUsed = c(0, NA, 1.65, 
    0.273, 1.73, NA, 4.44, 81.69, 104.82, 3.91, 4.41, 8.68, 1.95, 
    0.72, 0.22, 1.25, 0.12, 4.4, 66.15, 12.31, 1.95, 23.4, 3.81, 
    6.06, 9.07, 0.08, 2.89, 8.17, 0.01, 14.16, NA, 4.59, 0.51, 
    6.51, 1.67, 1.9, 12.9, 9.2, 3.7, 1.17, 1.88, 2.5, 0.13, 0, 
    0.2, 0.3, 0.02, 14.3, 4.9, 2.5, 9.6, 4.5, 5.9, 2.4, 3.4, 
    0.4, 5.83, 0.12, 10.03, 9.4, 3.36, 2.7, 0.47, 0.56, NA, 7.3, 
    0.91, 2.18, NA, 2.08, 1.11, 2.94, 25.97, 58.28, 26.1, 1.98, 
    0.88, 4.25, 2.59, 1.6, 0.01, 2.1, 12.5, 0.2, 5.4, 1.1, 5.2, 
    11.6, 11.1, 0.1, 3, 0.4, 0.03, NA, 5.15, 0.97, 0.28, NA, 
    19.22, 11.63, 0.9, 1.01, 0.54, 1.36, 65.4, 19.117, 1.969, 
    5.933, 1.557, 0.102, 0.8, NA, 13.12, 4.392, 1, 3.75, 0.00375, 
    1, 0.3, 1.1, 0.2, 2.7, 4.2, 1.8, 1.3, 0.6, 75.5, NA, 4.28, 
    0.14, 0.16, NA, 2.59, 5.09, NA, 23.36, 0.25, 0.16, 1.24, 
    0.6, 8.54, NA, 10.005, 0.312, 0.63, 0.5, 1.7, 1, 0.008, 0.63, 
    0.47, 0.13, 1.68, 21.5, NA, 1.12, 2, 5.93, 16.85, 103.34, 
    3.76, 2.01, 2.37, 0.4, 6, 0.3, 1.7, 0.6, 1.9, 12.4, 8.9, 
    1.3, 0.6, 0.133, 0.464, 10.84, 4.125, 0.0118, 2.96, 0.229, 
    NA, 3.178, 0.0944, 0.2185), poundsUsed = c(0, 166.75, NA, 
    NA, NA, 199.8, NA, NA, NA, NA, NA, NA, NA, NA, NA, NA, NA, 
    NA, NA, NA, NA, NA, NA, NA, NA, NA, NA, NA, NA, NA, 13.39, 
    NA, NA, NA, NA, NA, NA, NA, NA, NA, NA, NA, NA, 0, NA, NA, 
    NA, NA, NA, NA, NA, NA, NA, NA, NA, NA, NA, NA, NA, NA, NA, 
    NA, NA, NA, 4.71, NA, NA, NA, 101.72, NA, NA, NA, NA, NA, 
    NA, NA, NA, NA, NA, NA, NA, NA, NA, NA, NA, NA, NA, NA, NA, 
    NA, NA, NA, NA, 12.9, NA, NA, NA, 4.35, NA, NA, NA, NA, NA, 
    NA, NA, NA, NA, NA, NA, NA, NA, 14.6, NA, NA, NA, NA, NA, 
    NA, NA, NA, NA, NA, NA, NA, NA, NA, NA, 16, NA, NA, NA, 37.7, 
    NA, NA, 0.013, NA, NA, NA, NA, NA, NA, 57.2, NA, NA, NA, 
    NA, NA, NA, NA, NA, NA, NA, NA, NA, 166.28, NA, NA, NA, NA, 
    NA, NA, NA, NA, NA, NA, NA, NA, NA, NA, NA, NA, NA, NA, NA, 
    NA, NA, NA, NA, NA, NA, 33.82, NA, NA, NA), A1Name = structure(c(NA, 
    2L, 13L, 17L, 28L, 29L, 18L, 9L, 28L, 31L, 25L, 15L, 15L, 
    16L, 7L, 11L, 14L, 2L, 9L, 8L, 28L, 21L, 1L, 17L, 25L, 15L, 
    24L, 25L, 5L, 28L, 29L, 1L, 30L, 30L, 13L, 2L, 18L, 9L, 15L, 
    7L, 19L, 11L, 16L, NA, 14L, 2L, 5L, 9L, 8L, 28L, 21L, 1L, 
    18L, 9L, 25L, 15L, 13L, 2L, 18L, 9L, 30L, 15L, 8L, 28L, 29L, 
    22L, 1L, 25L, 2L, 13L, 17L, 28L, 18L, 9L, 28L, 31L, 25L, 
    15L, 15L, 12L, 16L, 14L, 2L, 5L, 9L, 8L, 27L, 22L, 1L, 18L, 
    9L, 25L, 15L, 2L, 13L, 6L, 17L, 29L, 18L, 9L, 31L, 25L, 15L, 
    15L, 22L, 9L, 30L, 25L, 15L, 13L, 28L, 29L, 22L, 1L, 4L, 
    23L, 16L, 14L, 5L, 9L, 8L, 28L, 22L, 1L, 9L, 25L, 22L, 2L, 
    13L, 17L, 28L, 29L, 18L, 9L, 9L, 28L, 31L, 25L, 15L, 15L, 
    28L, 29L, 1L, 9L, 30L, 30L, 25L, 22L, 15L, 3L, 20L, 16L, 
    10L, 22L, 2L, 13L, 24L, 18L, 9L, 28L, 26L, 8L, 15L, 14L, 
    2L, 5L, 9L, 8L, 27L, 22L, 1L, 9L, 25L, 2L, 5L, 28L, 22L, 
    30L, 25L, 8L, 29L, 1L, 9L, 30L),