kauaiBDMC <-
structure(c(73L, 53L, 73L, 67L, 74L, 63L, 74L, 45L, 35L, 33L, 
41L, 46L, 47L, 40L, 148L, 190L, 223L, 232L, 286L, 245L, 238L, 
11L, 7L, 11L, 6L, 3L, 11L, 10L), .Dim = c(7L, 4L), .Dimnames = list(
    NULL, c("birth", "deaths", "mar", "union")), .Tsp = c(1, 
1.5, 12), class = c("mts", "ts", "matrix"))
