Language <-
structure(c(20272L, 13701L, 12849L, 8027L, 6018L, 1952L, 1824L, 
4090L, 3261L, 1589L, 7549L, 10911L, 9064L, 6518L, 4544L, 2796L, 
2256L, 1666L, 280L, 1557L, 215L, 400L, 703L, 1130L, 413L, 791L, 
255L, 62L, 221L, 117L), .Dim = c(10L, 3L), .Dimnames = structure(list(
    NonEnglish = c("Tagalog", "Ilokano", "Japanese", "Chinese, inc.", 
    "Korean", "Vietnamese", "Bisayan", "Other Pacific languages", 
    "Samoan", "Spanish"), Ability = c("Well", "Slightly", "Never"
    )), .Names = c("NonEnglish", "Ability")), class = "table")
