leases <-
structure(list(island = structure(c(1L, 1L, 1L, 1L, 1L, 5L, 1L, 
1L, 1L, 1L, 1L, 5L, 1L, 1L, 1L, 1L, 1L, 1L, 1L, 1L, 1L, 1L, 1L, 
1L, 1L, 1L, 1L, 1L, 1L, 1L, 1L, 1L, 1L, 1L, 1L, 1L, 1L, 1L, 1L, 
1L, 1L, 1L, 1L, 4L, 1L, 1L, 1L, 1L, 1L, 1L, 1L, 1L, 1L, 5L, 1L, 
1L, 1L, 4L, 5L, 2L, 1L, 1L, 1L, 5L, 3L, 1L, 4L, 4L, 4L, 1L, 1L, 
1L, 5L, 1L, 5L, 1L, 1L, 1L, 1L, 5L, 1L, 1L, 4L, 1L, 5L, 1L, 5L, 
5L, 5L, 5L, 1L, 5L, 1L, 1L, 5L, 1L, 5L, 5L, 5L, 5L, 1L, 5L, 5L, 
5L, 5L, 2L, 2L, 1L, 2L, 5L, 5L, 5L, 5L, 5L, 5L, 5L, 5L, 5L, 5L, 
5L, 5L, 5L, 5L, 5L, 5L, 5L, 1L, 1L, 1L, 1L, 5L, 2L, 5L, 1L), .Label = c("HAWAII", 
"KAUAI", "MAUI", "MOLOKAI", "OAHU"), class = "factor"), acre = c(1.5, 
3.905, 1.245, 33.793, 1.085, 0.212, 2.802, 0.93, 0.62, 0.81, 
1.115, 0.187, 3.942, 5.8, 0.742, 0.494, 0.916, 4.88, 0.62, 4.25, 
0.93, 0.323, 0.837, 6.75, 0.93, 0.62, 0.465, 0.93, 0.93, 2.338, 
0.465, 0.547, 0.465, 0.465, 0.465, 0.37, 0.364, 0.433, 0.51, 
0.816, 1.435, 1, 8.013, 149.1, 0.579, 0.517, 4.881, 38.975, 2, 
2, 2.588, 0.579, 2.858, 2.619, 0.579, 0.579, 0.607, 1247, 0.46, 
0.917, 18.777, 170.844, 0.416, 1.683, 2, 2, 2.144, 363.673, 0.264, 
0.93, 200, 10.687, 8.5, 0.93, 1.573, 0.579, 0.743, 0.579, 0.465, 
0.579, 0.572, 1.525, 1218, NA, 67.7, 0.64, 9.215, 11.96, 1.011, 
6, 15.574, 84.417, NA, NA, NA, NA, 4.9, 3.638, 34, 29.853, 0.87, 
NA, NA, NA, 34, 2.497, 6.093, 295, 25.686, 4.47, 0.676, 0.909, 
1.01, 1.01, 1.094, 0.918, 0.918, 0.507, 0.566, 0.574, 0.574, 
0.574, 0.574, 0.232, 0.233, 0.477, 743.496, 738.233, 522, 499.728, 
2.75, 1.77, 11.052, 15.574), number = c(102L, 108L, 109L, 110L, 
113L, 114L, 122L, 126L, 127L, 129L, 132L, 134L, 135L, 136L, 140L, 
141L, 142L, 143L, 144L, 145L, 146L, 152L, 155L, 156L, 158L, 159L, 
160L, 161L, 163L, 164L, 166L, 167L, 168L, 169L, 170L, 171L, 172L, 
173L, 174L, 175L, 176L, 177L, 178L, 185L, 187L, 188L, 190L, 202L, 
204L, 205L, 206L, 208L, 217L, 221L, 224L, 226L, 227L, 231L, 240L, 
244L, 245L, 247L, 248L, 249L, 250L, 251L, 253L, 254L, 256L, 258L, 
259L, 260L, 262L, 263L, 264L, 265L, 266L, 267L, 268L, 269L, 270L, 
272L, 274L, 275L, 276L, 277L, 279L, 281L, 282L, 283L, 284L, 285L, 
286L, 287L, 288L, 289L, 290L, 292L, 293L, 294L, 295L, 296L, 297L, 
298L, 299L, 3831L, 3840L, 3849L, 3852L, 3897L, 4113L, 4114L, 
4117L, 4118L, 4119L, 4120L, 4121L, 4122L, 4123L, 4124L, 4125L, 
4126L, 4127L, 4290L, 4291L, 4294L, 4466L, 4468L, 4469L, 4470L, 
4643L, 4647L, 5326L, NA), use = structure(c(11L, 11L, 11L, 11L, 
11L, 30L, 11L, 11L, 11L, 11L, 11L, 30L, 30L, 11L, 11L, 11L, 11L, 
11L, 11L, 11L, 11L, 11L, 11L, 11L, 11L, 11L, 11L, 11L, 11L, 11L, 
11L, 11L, 11L, 11L, 11L, 11L, 11L, 11L, 11L, 11L, 11L, 11L, 11L, 
2L, 11L, 11L, 11L, 4L, 11L, 11L, 11L, 11L, 11L, 19L, 11L, 11L, 
11L, 21L, 19L, 19L, 4L, 10L, 4L, 6L, 6L, 6L, 3L, 20L, 19L, 11L, 
4L, 4L, 22L, 11L, 11L, 11L, 11L, 11L, 11L, 19L, 11L, 4L, 8L, 
NA, 17L, 11L, 14L, 4L, 11L, 29L, 4L, 25L, 5L, 7L, 5L, 4L, 4L, 
5L, 26L, 26L, 9L, 18L, 1L, 13L, 27L, 24L, 23L, 10L, 28L, 30L, 
11L, 11L, 11L, 11L, 11L, 11L, 11L, 11L, 11L, 11L, 11L, 11L, 11L, 
11L, 11L, 11L, 16L, 16L, 16L, 16L, 4L, 15L, 2L, 12L), .Label = c("Affordable Rental Project", 
"Agriculture", "Church", "Commercial", "Community Facility", 
"Education", "Educational Programs", "Educational Service", "FedEx Ground delivery contractor, Auto repair business", 
"Government", "Industrial", "Industrial/Commercial Mixed Use", 
"Multi-family affordable rental project", "Office", "Parking & Landscape purposes", 
"Pastoral", "Pending - Operation of Retail Complex", "Planned learning community for the Ka Pua Initiatives", 
"Public Service", "Radio Receiver", "Recreation", "Residential", 
"Resort - Hotel purposes & accessory uses", "Resort - Hotel purposes & Accessory uses", 
"Shelter", "Solar Power Production Facility", "Solar Power Production Facility / Pilot Greenhouse  System", 
"Storage/Military", "Transitional Housing", "Utility"), class = "factor"), 
    name = structure(c(17L, 48L, 21L, 114L, 31L, 41L, 86L, 18L, 
    9L, 57L, 18L, 41L, 42L, 35L, 2L, 15L, 50L, 43L, 62L, 114L, 
    111L, 10L, 51L, 14L, 87L, 8L, 94L, 89L, 45L, 76L, 25L, 32L, 
    29L, 11L, 96L, 1L, 24L, 1L, 68L, 74L, 80L, 75L, 113L, 4L, 
    33L, 3L, 43L, 83L, 82L, 56L, 58L, 27L, 55L, 107L, 33L, 69L, 
    69L, 73L, 34L, 12L, 44L, 103L, 78L, 98L, 98L, 98L, 70L, 95L, 
    100L, 9L, 59L, 46L, 105L, 13L, 77L, 93L, 49L, 67L, 65L, 109L, 
    90L, 19L, 104L, 16L, 22L, 78L, 110L, 72L, 81L, 37L, 91L, 
    88L, 61L, 97L, 54L, 60L, 54L, 108L, 53L, 52L, 3L, 98L, 38L, 
    71L, 39L, 7L, 6L, 101L, 102L, 40L, 99L, 99L, 64L, 63L, 30L, 
    28L, 26L, 26L, 23L, 63L, 63L, 66L, 106L, 79L, 20L, 36L, 47L, 
    85L, 85L, 85L, 84L, 5L, 112L, 92L),