libBorrowers <-
structure(list(island = structure(c(4L, 4L, 4L, 4L, 4L, 4L, 4L, 
4L, 4L, 4L, 4L, 4L, 4L, 4L, 4L, 4L, 4L, 4L, 4L, 4L, 4L, 4L, 4L, 
4L, 1L, 1L, 1L, 1L, 1L, 1L, 1L, 1L, 1L, 1L, 1L, 1L, 1L, 1L, 2L, 
2L, 2L, 2L, 2L, 2L, 3L, 3L, 3L, 3L, 3L, 3L, 3L, 3L), .Label = c("Hawaii", 
"Kauai", "Maui", "Oahu"), class = "factor"), library = structure(c(1L, 
2L, 4L, 7L, 11L, 12L, 14L, 16L, 17L, 18L, 20L, 28L, 30L, 32L, 
33L, 34L, 41L, 43L, 45L, 46L, 47L, 48L, 50L, 52L, 3L, 8L, 9L, 
10L, 15L, 21L, 22L, 27L, 36L, 37L, 38L, 39L, 40L, 44L, 6L, 19L, 
24L, 29L, 42L, 51L, 5L, 13L, 23L, 25L, 26L, 31L, 35L, 49L), .Label = c("Aiea", 
"Aina Haina", "Bond Mem.", "Ewa Beach", "Hana", "Hanapepe", "Hawaii Kai", 
"Hilo", "Holualoa", "Honokaa", "HSL", "Kahuku", "Kahului", "Kailua", 
"Kailua/Kona", "Kaimuki", "Kalihi", "Kaneohe ", "Kapaa", "Kapolei ", 
"Keaau", "Kealakekua", "Kihei", "Koloa ", "Lahaina", "Lanai", 
"Laupahoehoe", "LBPH ", "Lihue ", "Liliha ", "Makawao", "Manoa", 
"McCully   ", "Mililani  ", "Molokai ", "Mt View", "Naalehu", 
"North Kohala", "Pahala", "Pahoa", "Pearl City ", "Princeville ", 
"Salt Lake", "T. Parker", "Wahiawa ", "Waialua ", "Waianae", 
"Waikiki ", "Wailuku  ", "Waimanalo", "Waimea", "Waipahu "), class = "factor"), 
    FY84 = c(5828L, 7829L, 4890L, 6185L, 49730L, 2978L, 17025L, 
    17198L, 8355L, 21310L, NA, 0L, 6858L, 5085L, 7843L, 2603L, 
    24743L, 1309L, 6559L, 2064L, 4958L, 9450L, 3101L, 4006L, 
    0L, 17494L, 0L, 1L, 0L, 0L, 2L, 0L, 0L, 0L, NA, 0L, 0L, 0L, 
    103L, 4L, 77L, 840L, NA, 150L, 9L, 1L, 0L, 51L, 0L, 0L, 6L, 
    310L), FY85 = c(7397L, 8649L, 5985L, 7435L, 55372L, 3420L, 
    18891L, 19022L, 9777L, 23510L, NA, 0L, 8071L, 5886L, 9755L, 
    4853L, 27496L, 1954L, 7744L, 2778L, 6526L, 11396L, 3391L, 
    4488L, 0L, 21067L, 0L, 704L, 541L, 0L, 378L, 0L, 0L, 0L, 
    NA, 0L, 0L, 0L, 287L, 1152L, 520L, 4108L, NA, 324L, 12L, 
    61L, 0L, 51L, 0L, 0L, 18L, 370L), FY86 = c(9685L, 10184L, 
    7927L, 9229L, 65228L, 3972L, 21933L, 22003L, 12106L, 27551L, 
    NA, 0L, 10286L, 7273L, 13195L, 7206L, 32605L, 3237L, 9986L, 
    3656L, 8844L, 15334L, 3927L, 5925L, 86L, 24411L, 0L, 1123L, 
    1492L, 375L, 987L, 167L, 213L, 0L, NA, 396L, 225L, 1200L, 
    1074L, 2840L, 1675L, 7508L, NA, 1314L, 352L, 4389L, 41L, 
    659L, 329L, 734L, 604L, 3118L), FY87 = c(11844L, 11314L, 
    9967L, 10933L, 72570L, 4712L, 24739L, 24690L, 13965L, 30693L, 
    NA, 0L, 12359L, 8386L, 15743L, 9596L, 37228L, 4396L, 11861L, 
    4491L, 11074L, 18474L, 4351L, 7490L, 735L, 27593L, 106L, 
    1562L, 3221L, 1045L, 2177L, 417L, 750L, 28L, NA, 782L, 1599L, 
    2811L, 1435L, 4062L, 2275L, 9775L, NA, 1831L, 853L, 8113L, 
    0L, 3223L, 798L, 3207L, 2359L, 6099L), FY88 = c(14778L, 12124L, 
    13339L, 12911L, 79707L, 5857L, 28048L, 27983L, 17452L, 35053L, 
    NA, 0L, 15078L, 9779L, 19387L, 13209L, 43087L, 6115L, 15003L, 
    5750L, 14873L, 21858L, 5016L, 10218L, 1326L, 32386L, 183L, 
    2187L, 5580L, 1648L, 3702L, 582L, 1011L, 311L, NA, 1069L, 
    2259L, 3747L, 1859L, 5798L, 2998L, 12585L, NA, 2648L, 1197L, 
    11769L, 476L, 5522L, 1061L, 5558L, 3508L, 9698L), FY89 = c(16195L, 
    13030L, 14833L, 14369L, 85900L, 6347L, 30503L, 29954L, 17779L, 
    37573L, NA, 62L, 16556L, 10911L, 20502L, 15857L, 46955L, 
    7190L, 14619L, 6247L, 16158L, 24488L, 5440L, 10861L, 1647L, 
    33806L, 218L, 2415L, 7098L, 1933L, 4582L, 699L, 1265L, 314L, 
    NA, 1262L, 2882L, 4585L, 2155L, 6752L, 3498L, 14438L, NA, 
    3007L, 1497L, 13368L, 1630L, 6846L, 1311L, 6665L, 3963L, 
    10816L), FY90 = c(18059L, 14303L, 16883L, 15847L, 91651L, 
    7134L, 30451L, 31655L, 18648L, 41548L, NA, 105L, 17331L, 
    11891L, 23054L, 18731L, 51038L, 8081L, 16517L, 6988L, 18018L, 
    26151L, 6005L, 12007L, 1774L, 35515L, 259L, 2599L, 8614L, 
    2380L, 5139L, 797L, 1538L, 365L, NA, 1472L, 3627L, 5649L, 
    2333L, 7595L, 4041L, 16641L, NA, 3277L, 1758L, 15274L, 2701L, 
    8227L, 2067L, 8004L, 4675L, 12756L), FY91 = c(20371L, 15394L, 
    19005L, 17536L, 95300L, 7854L, 33647L, 34069L, 20157L, 44591L, 
    NA, 162L, 18081L, 13045L, 26018L, 22056L, 54998L, 9244L, 
    18121L, 7840L, 19937L, 27634L, 6943L, 13341L, 2139L, 38052L, 
    393L, 2881L, 9795L, 2740L, 6230L, 990L, 1753L, 463L, NA, 
    1633L, 4142L, 6555L, 2587L, 9005L, 4653L, 17432L, NA, 3654L, 
    2040L, 17408L, 3641L, 9103L, 2330L, 9593L, 5252L, 14021L), 
    FY92 = c(22317L, 16255L, 20318L, 18648L, 98905L, 8350L, 35970L, 
    35998L, 21219L, 47055L, NA, 181L, 19732L, 13986L, 27826L, 
    24934L, 58583L, 10368L, 19515L, 8377L, 21304L, 29771L, 7152L, 
    14467L, 2422L, 40451L, 434L, 3124L, 12003L, 2987L, 7088L, 
    1000L, 1893L, 508L, NA, 1733L, 4438L, 7216L, 2766L, 10011L, 
    5234L, 18601L, NA, 3952L, 2265L, 19177L, 4374L, 10439L, 2505L, 
    10706L, 5765L, 15046L), FY93 = c(23696L, 17103L, 20847L, 
    19956L, 105880L, 8813L, 38369L, 35908L, 22504L, 49636L, NA, 
    213L, 21185L, 14816L, 29900L, 27814L, 60985L, 14989L, 20854L, 
    8950L, 21922L, 31927L, 7482L, 15590L, 2674L, 43042L, 473L, 
    3312L, 15029L, 3254L, 7151L, 1050L, 2065L, 602L, NA, 1813L, 
    4558L, 7739L, 2955L, 11082L, 5380L, 20009L, NA, 4217L, 2416L, 
    21020L, 5181L, 11588L, 2739L, 11664L, 6272L, 16144L), FY94 = c(24841L, 
    18179L, 20791L, 21118L, 111203L, 9127L, 40201L, 35546L, 23700L, 
    52163L, NA, 237L, 22377L, 15404L, 32190L, 30532L, 63349L, 
    19944L, 22068L, 9728L, 23400L, 33526L, 7839L, 16577L, 2910L, 
    45528L, 529L, 3497L, 17217L, 3519L, 7541L, 1114L, 2244L, 
    685L, NA, 2391L, 4937L, 8315L, 3193L, 11920L, 5724L, 21300L, 
    NA, 4502L, 2894L, 22894L, 5948L, 12528L, 2926L, 12179L, 6664L, 
    17290L), FY95 = c(26143L, 19229L, 21283L, 21981L, 114320L, 
    9372L, 42317L, 36725L, 24526L, 54334L, NA, 243L, 23166L, 
    16114L, 34251L, 32490L, 65269L, 24137L, 23438L, 10059L, 24817L, 
    34587L, 7867L, 17395L, 3119L, 47501L, 550L, 3669L, 18887L, 
    3893L, 7807L, 1165L, 2598L, 981L, NA, 2503L, 5436L, 8881L, 
    3376L, 12439L, 6028L, 22271L, NA, 4678L, 3018L, 24139L, 6608L, 
    13351L, 3336L, 13806L, 6989L, 18140L), FY96 = c(27347L, 19922L, 
    22119L, 22429L, 118263L, 9672L, 45078L, 38165L, 24893L, 54780L, 
    NA, 257L, 24640L, 16441L, 35531L, 35387L, 67003L, 27066L, 
    24335L, 10442L, 25890L, 35678L, 8041L, 18879L, 3301L, 49365L, 
    556L, 3820L, 19846L, 4256L, 8042L, 1224L, 2793L, 1163L, NA, 
    2609L, 5893L, 9398L, 3511L, 12984L, 6353L, 23136L, NA, 4859L, 
    3176L, 25836L, 7524L, 14121L, 3569L, 14638L, 7341L, 19087L
    ), FY97 = c(28036L, 20522L, 24988L, 23478L, 126366L, 10031L, 
    48101L, 38892L, 25918L, 56569L, NA, 2586L, 26111L, 17966L, 
    37268L, 40462L, 69504L, 31586L, 24885L, 11260L, 27270L, 36722L, 
    8365L, 23180L, 3677L, 51059L, 584L, 4032L, 23267L, 4912L, 
    8210L, 1514L, 3091L, 1348L, NA, 2744L, 6897L, 10498L, 3788L, 
    13724L, 6951L, 24413L, NA, 5108L, 3407L, 29793L, 9504L, 14970L, 
    3922L, 15377L, 7754L, 19162L), FY98 = c(17686L, 13251L, 18466L, 
    15061L, 78403L, 10362L, 31385L, 24092L, 17387L, 35970L, NA, 
    2707L, 18884L, 12840L, 38550L, 43074L, 43429L, 26686L, 25103L, 
    11854L, 28114L, 19484L, 8548L, 25503L, 2882L, 34137L, 473L, 
    2899L, 18419L, 4128L, 5563L, 1228L, 3275L, 1275L, NA, 2147L, 
    5751L, 8502L, 2891L, 9722L, 5481L, 16978L, NA, 3515L, 2538L, 
    23564L, 7906L, 9372L, 3109L, 11305L, 5480L, 13061L), FY99 = c(18111L, 
    13414L, 19028L, 15427L, 80459L, 10502L, 32549L, 24956L, 17789L, 
    36553L, NA, 2558L, 19413L, 13314L, 39061L, 31154L, 44408L, 
    27929L, 15620L, 8544L, 19472L, 20210L, 5615L, 19563L, 2985L, 
    34972L, 482L, 3019L, 19382L, 4175L, 5707L, 1265L, 3401L, 
    1348L, NA, 2163L, 6056L, 8833L, 3014L, 9993L, 5676L, 17386L, 
    599L, 3606L, 2621L, 24866L, 8528L, 9731L, 3166L, 11548L, 
    5626L, 13197L),