libCollections <-
structure(list(year = c(2011L, 2011L, 2011L, 2011L, 2011L, 2011L, 
2011L, 2011L, 2011L, 2011L, 2011L, 2011L, 2011L, 2011L, 2011L, 
2011L, 2011L, 2011L, 2011L, 2011L, 2011L, 2011L, 2011L, 2011L, 
2011L, 2011L, 2011L, 2011L, 2011L, 2011L, 2011L, 2011L, 2011L, 
2011L, 2011L, 2011L, 2011L, 2011L, 2011L, 2011L, 2011L, 2011L, 
2011L, 2011L, 2011L, 2011L, 2011L, 2011L, 2011L, 2011L, 2011L, 
2010L, 2010L, 2010L, 2010L, 2010L, 2010L, 2010L, 2010L, 2010L, 
2010L, 2010L, 2010L, 2010L, 2010L, 2010L, 2010L, 2010L, 2010L, 
2010L, 2010L, 2010L, 2010L, 2010L, 2010L, 2010L, 2010L, 2010L, 
2010L, 2010L, 2010L, 2010L, 2010L, 2010L, 2010L, 2010L, 2010L, 
2010L, 2010L, 2010L, 2010L, 2010L, 2010L, 2010L, 2010L, 2010L, 
2010L, 2010L, 2010L, 2010L, 2010L, 2010L, 2010L, 2009L, 2009L, 
2009L, 2009L, 2009L, 2009L, 2009L, 2009L, 2009L, 2009L, 2009L, 
2009L, 2009L, 2009L, 2009L, 2009L, 2009L, 2009L, 2009L, 2009L, 
2009L, 2009L, 2009L, 2009L, 2009L, 2009L, 2009L, 2009L, 2009L, 
2009L, 2009L, 2009L, 2009L, 2009L, 2009L, 2009L, 2009L, 2009L, 
2009L, 2009L, 2009L, 2009L, 2009L, 2009L, 2009L, 2009L, 2009L, 
2009L, 2009L, 2009L, 2009L, 2008L, 2008L, 2008L, 2008L, 2008L, 
2008L, 2008L, 2008L, 2008L, 2008L, 2008L, 2008L, 2008L, 2008L, 
2008L, 2008L, 2008L, 2008L, 2008L, 2008L, 2008L, 2008L, 2008L, 
2008L, 2008L, 2008L, 2008L, 2008L, 2008L, 2008L, 2008L, 2008L, 
2008L, 2008L, 2008L, 2008L, 2008L, 2008L, 2008L, 2008L, 2008L, 
2008L, 2008L, 2008L, 2008L, 2008L, 2008L, 2008L, 2008L, 2008L, 
2008L, 2007L, 2007L, 2007L, 2007L, 2007L, 2007L, 2007L, 2007L, 
2007L, 2007L, 2007L, 2007L, 2007L, 2007L, 2007L, 2007L, 2007L, 
2007L, 2007L, 2007L, 2007L, 2007L, 2007L, 2007L, 2007L, 2007L, 
2007L, 2007L, 2007L, 2007L, 2007L, 2007L, 2007L, 2007L, 2007L, 
2007L, 2007L, 2007L, 2007L, 2007L, 2007L, 2007L, 2007L, 2007L, 
2007L, 2007L, 2007L, 2007L, 2007L, 2007L, 2007L, 2006L, 2006L, 
2006L, 2006L, 2006L, 2006L, 2006L, 2006L, 2006L, 2006L, 2006L, 
2006L, 2006L, 2006L, 2006L, 2006L, 2006L, 2006L, 2006L, 2006L, 
2006L, 2006L, 2006L, 2006L, 2006L, 2006L, 2006L, 2006L, 2006L, 
2006L, 2006L, 2006L, 2006L, 2006L, 2006L, 2006L, 2006L, 2006L, 
2006L, 2006L, 2006L, 2006L, 2006L, 2006L, 2006L, 2006L, 2006L, 
2006L, 2006L, 2006L, 2006L, 2005L, 2005L, 2005L, 2005L, 2005L, 
2005L, 2005L, 2005L, 2005L, 2005L, 2005L, 2005L, 2005L, 2005L, 
2005L, 2005L, 2005L, 2005L, 2005L, 2005L, 2005L, 2005L, 2005L, 
2005L, 2005L, 2005L, 2005L, 2005L, 2005L, 2005L, 2005L, 2005L, 
2005L, 2005L, 2005L, 2005L, 2005L, 2005L, 2005L, 2005L, 2005L, 
2005L, 2005L, 2005L, 2005L, 2005L, 2005L, 2005L, 2005L, 2005L, 
2005L), island = structure(c(4L, 4L, 4L, 4L, 4L, 4L, 4L, 4L, 
4L, 4L, 4L, 4L, 4L, 4L, 4L, 4L, 4L, 4L, 4L, 4L, 4L, 4L, 4L, 4L, 
1L, 1L, 1L, 1L, 1L, 1L, 1L, 1L, 1L, 1L, 1L, 1L, 1L, 2L, 2L, 2L, 
2L, 2L, 2L, 3L, 3L, 3L, 3L, 3L, 3L, 3L, 3L, 4L, 4L, 4L, 4L, 4L, 
4L, 4L, 4L, 4L, 4L, 4L, 4L, 4L, 4L, 4L, 4L, 4L, 4L, 4L, 4L, 4L, 
4L, 4L, 4L, 1L, 1L, 1L, 1L, 1L, 1L, 1L, 1L, 1L, 1L, 1L, 1L, 1L, 
1L, 2L, 2L, 2L, 2L, 2L, 2L, 3L, 3L, 3L, 3L, 3L, 3L, 3L, 3L, 4L, 
4L, 4L, 4L, 4L, 4L, 4L, 4L, 4L, 4L, 4L, 4L, 4L, 4L, 4L, 4L, 4L, 
4L, 4L, 4L, 4L, 4L, 4L, 4L, 1L, 1L, 1L, 1L, 1L, 1L, 1L, 1L, 1L, 
1L, 1L, 1L, 1L, 2L, 2L, 2L, 2L, 2L, 2L, 3L, 3L, 3L, 3L, 3L, 3L, 
3L, 3L, 4L, 4L, 4L, 4L, 4L, 4L, 4L, 4L, 4L, 4L, 4L, 4L, 4L, 4L, 
4L, 4L, 4L, 4L, 4L, 4L, 4L, 4L, 4L, 4L, 1L, 1L, 1L, 1L, 1L, 1L, 
1L, 1L, 1L, 1L, 1L, 1L, 1L, 2L, 2L, 2L, 2L, 2L, 2L, 3L, 3L, 3L, 
3L, 3L, 3L, 3L, 3L, 4L, 4L, 4L, 4L, 4L, 4L, 4L, 4L, 4L, 4L, 4L, 
4L, 4L, 4L, 4L, 4L, 4L, 4L, 4L, 4L, 4L, 4L, 4L, 4L, 1L, 1L, 1L, 
1L, 1L, 1L, 1L, 1L, 1L, 1L, 1L, 1L, 1L, 2L, 2L, 2L, 2L, 2L, 2L, 
3L, 3L, 3L, 3L, 3L, 3L, 3L, 3L, 4L, 4L, 4L, 4L, 4L, 4L, 4L, 4L, 
4L, 4L, 4L, 4L, 4L, 4L, 4L, 4L, 4L, 4L, 4L, 4L, 4L, 4L, 4L, 4L, 
1L, 1L, 1L, 1L, 1L, 1L, 1L, 1L, 1L, 1L, 1L, 1L, 1L, 2L, 2L, 2L, 
2L, 2L, 2L, 3L, 3L, 3L, 3L, 3L, 3L, 3L, 3L, 4L, 4L, 4L, 4L, 4L, 
4L, 4L, 4L, 4L, 4L, 4L, 4L, 4L, 4L, 4L, 4L, 4L, 4L, 4L, 4L, 4L, 
4L, 4L, 4L, 1L, 1L, 1L, 1L, 1L, 1L, 1L, 1L, 1L, 1L, 1L, 1L, 1L, 
2L, 2L, 2L, 2L, 2L, 2L, 3L, 3L, 3L, 3L, 3L, 3L, 3L, 3L), .Label = c("Hawaii", 
"Kauai", "Maui", "Oahu"), class = "factor"), library = structure(c(1L, 
2L, 4L, 7L, 8L, 12L, 14L, 16L, 17L, 18L, 20L, 28L, 30L, 32L, 
33L, 34L, 41L, 43L, 45L, 46L, 47L, 48L, 50L, 52L, 9L, 10L, 11L, 
15L, 21L, 22L, 27L, 36L, 37L, 38L, 39L, 40L, 44L, 6L, 19L, 24L, 
29L, 42L, 51L, 5L, 13L, 23L, 25L, 26L, 31L, 35L, 49L, 1L, 2L, 
4L, 7L, 8L, 12L, 14L, 16L, 17L, 18L, 20L, 28L, 30L, 32L, 33L, 
34L, 41L, 43L, 45L, 46L, 47L, 48L, 50L, 52L, 3L, 9L, 10L, 11L, 
15L, 21L, 22L, 27L, 36L, 37L, 38L, 39L, 40L, 44L, 6L, 19L, 24L, 
29L, 42L, 51L, 5L, 13L, 23L, 25L, 26L, 31L, 35L, 49L, 1L, 2L, 
4L, 7L, 8L, 12L, 14L, 16L, 17L, 18L, 20L, 28L, 30L, 32L, 33L, 
34L, 41L, 43L, 45L, 46L, 47L, 48L, 50L, 52L, 3L, 9L, 10L, 11L, 
15L, 21L, 22L, 27L, 36L, 37L, 39L, 40L, 44L, 6L, 19L, 24L, 29L, 
42L, 51L, 5L, 13L, 23L, 25L, 26L, 31L, 35L, 49L, 1L, 2L, 4L, 
7L, 8L, 12L, 14L, 16L, 17L, 18L, 20L, 28L, 30L, 32L, 33L, 34L, 
41L, 43L, 45L, 46L, 47L, 48L, 50L, 52L, 3L, 9L, 10L, 11L, 15L, 
21L, 22L, 27L, 36L, 37L, 39L, 40L, 44L, 6L, 19L, 24L, 29L, 42L, 
51L, 5L, 13L, 23L, 25L, 26L, 31L, 35L, 49L, 1L, 2L, 4L, 7L, 8L, 
12L, 14L, 16L, 17L, 18L, 20L, 28L, 30L, 32L, 33L, 34L, 41L, 43L, 
45L, 46L, 47L, 48L, 50L, 52L, 3L, 9L, 10L, 11L, 15L, 21L, 22L, 
27L, 36L, 37L, 39L, 40L, 44L, 6L, 19L, 24L, 29L, 42L, 51L, 5L, 
13L, 23L, 25L, 26L, 31L, 35L, 49L, 1L, 2L, 4L, 7L, 8L, 12L, 14L, 
16L, 17L, 18L, 20L, 28L, 30L, 32L, 33L, 34L, 41L, 43L, 45L, 46L, 
47L, 48L, 50L, 52L, 3L, 9L, 10L, 11L, 15L, 21L, 22L, 27L, 36L, 
37L, 39L, 40L, 44L, 6L, 19L, 24L, 29L, 42L, 51L, 5L, 13L, 23L, 
25L, 26L, 31L, 35L, 49L, 1L, 2L, 4L, 7L, 8L, 12L, 14L, 16L, 17L, 
18L, 20L, 28L, 30L, 32L, 33L, 34L, 41L, 43L, 45L, 46L, 47L, 48L, 
50L, 52L, 3L, 9L, 10L, 11L, 15L, 21L, 22L, 27L, 36L, 37L, 39L, 
40L, 44L, 6L, 19L, 24L, 29L, 42L, 51L, 5L, 13L, 23L, 25L, 26L, 
31L, 35L, 49L), .Label = c("Aiea", "Aina Haina", "Bond", "Ewa Beach", 
"Hana", "Hanapepe", "Hawaii Kai", "Hawaii State", "Hilo", "Holualoa", 
"Honokaa", "Kahuku", "Kahului", "Kailua", "Kailua-Kona", "Kaimuki", 
"Kalihi-Palama", "Kaneohe", "Kapaa", "Kapolei", "Keaau", "Kealakekua", 
"Kihei", "Koloa", "Lahaina", "Lanai", "Laupahoehoe", "LBPH", 
"Lihue", "Liliha", "Makawao", "Manoa", "McCully", "Mililani", 
"Molokai", "Mountain View", "Naalehu", "North Kohala", "Pahala", 
"Pahoa", "Pearl City", "Princeville", "Salt Lake", "Thelma Parker", 
"Wahiawa", "Waialua", "Waianae", "Waikiki", "Wailuku", "Waimanalo", 
"Waimea", "Waipahu"), class = "factor"),