libCirculation <-
structure(list(island = structure(c(4L, 4L, 4L, 4L, 4L, 4L, 4L, 
4L, 4L, 4L, 4L, 4L, 4L, 4L, 4L, 4L, 4L, 4L, 4L, 4L, 4L, 4L, 4L, 
4L, 1L, 1L, 1L, 1L, 1L, 1L, 1L, 1L, 1L, 1L, 1L, 1L, 1L, 1L, 2L, 
2L, 2L, 2L, 2L, 2L, 3L, 3L, 3L, 3L, 3L, 3L, 3L, 3L), .Label = c("Hawaii", 
"Kauai", "Maui", "Oahu"), class = "factor"), library = structure(c(1L, 
2L, 4L, 7L, 11L, 12L, 14L, 16L, 17L, 18L, 20L, 28L, 30L, 32L, 
33L, 34L, 41L, 43L, 45L, 46L, 47L, 48L, 50L, 52L, 3L, 8L, 9L, 
10L, 15L, 21L, 22L, 27L, 36L, 37L, 38L, 39L, 40L, 44L, 6L, 19L, 
24L, 29L, 42L, 51L, 5L, 13L, 23L, 25L, 26L, 31L, 35L, 49L), .Label = c("Aiea", 
"Aina Haina", "Bond Mem.", "Ewa Beach", "Hana", "Hanapepe", "Hawaii Kai", 
"Hilo", "Holualoa", "Honokaa", "HSL", "Kahuku", "Kahului", "Kailua", 
"Kailua/Kona ", "Kaimuki", "Kalihi", "Kaneohe", "Kapaa", "Kapolei ", 
"Keaau", "Kealakekua", "Kihei", "Koloa ", "Lahaina", "Lanai", 
"Laupahoehoe", "LBPH", "Lihue ", "Liliha ", "Makawao", "Manoa", 
"McCully   ", "Mililani  ", "Molokai ", "Mt View", "Naalehu", 
"North Kohala", "Pahala", "Pahoa", "Pearl City", "Princeville", 
"Salt Lake", "T. Parker", "Wahiawa ", "Waialua ", "Waianae", 
"Waikiki ", "Wailuku ", "Waimanalo", "Waimea", "Waipahu"), class = "factor"), 
    FY84 = c(NA, NA, NA, NA, NA, NA, NA, NA, NA, NA, NA, 0L, 
    NA, NA, NA, NA, NA, NA, NA, NA, NA, NA, NA, NA, NA, NA, NA, 
    NA, NA, NA, NA, NA, NA, NA, NA, NA, NA, NA, NA, NA, NA, NA, 
    NA, NA, NA, NA, NA, NA, NA, NA, NA, NA), FY85 = c(178331L, 
    195919L, 90286L, 181654L, 607086L, 73557L, 261577L, 335352L, 
    129700L, 337521L, NA, 0L, 192416L, 184392L, 244188L, 141073L, 
    379254L, 42567L, 158519L, 74012L, 107641L, 220015L, 57336L, 
    96215L, 30430L, 360576L, 5088L, 35310L, 54136L, 37049L, 83114L, 
    25415L, 24837L, 7110L, NA, 23989L, 58128L, 92671L, 43599L, 
    80326L, 59181L, 158849L, NA, 33931L, 22488L, 131199L, 23786L, 
    35207L, 30265L, 69408L, 37058L, 117800L), FY86 = c(184543L, 
    218678L, 110278L, 201422L, 612147L, 82757L, 269444L, 358093L, 
    170567L, 346715L, NA, 0L, 171856L, 194798L, 256928L, 211102L, 
    414819L, 45716L, 148201L, 93331L, 113739L, 224278L, 54221L, 
    90298L, NA, 468329L, NA, NA, NA, 36035L, NA, NA, NA, NA, 
    NA, NA, NA, NA, 43880L, 91454L, 66336L, 209145L, NA, 37414L, 
    NA, 135582L, NA, NA, NA, 69844L, NA, 102428L), FY87 = c(186233L, 
    209053L, 123888L, 200097L, 539965L, 80801L, 263976L, 365562L, 
    155413L, 331509L, NA, 0L, 210759L, 194820L, 226507L, 247462L, 
    396810L, 50753L, 157320L, 80802L, 122839L, 186341L, 52869L, 
    96363L, 25912L, 464169L, 2525L, 36234L, 74876L, 43035L, 82658L, 
    18457L, 33388L, 5714L, NA, 24884L, 53122L, 89935L, 48470L, 
    89710L, 62817L, 193956L, NA, 41867L, 25702L, 141915L, 24130L, 
    39146L, 36693L, 88834L, 43542L, 117464L), FY88 = c(94112L, 
    170319L, 137432L, 216031L, 529826L, 89418L, 281337L, 368425L, 
    171906L, 329056L, NA, 17L, 218182L, 199787L, 263892L, 247242L, 
    465196L, 52800L, 162424L, 83334L, 135824L, 192574L, 68371L, 
    94453L, 35628L, 455014L, 3753L, 38046L, 80867L, 45618L, 88337L, 
    21113L, 35538L, 6973L, NA, 30654L, 60405L, 85451L, 43876L, 
    93600L, 62430L, 190871L, NA, 39444L, 26530L, 135315L, 23205L, 
    37761L, 26992L, 99115L, 48040L, 125928L), FY89 = c(187659L, 
    140089L, 123187L, 233149L, 536782L, 78951L, 297307L, 375384L, 
    165082L, 331501L, NA, 397L, 212661L, 211015L, 163729L, 315834L, 
    466527L, 51786L, 36875L, 83768L, 141394L, 199856L, 68908L, 
    92093L, 38633L, 444251L, 4533L, 45115L, 86451L, 50248L, 86856L, 
    25213L, 34740L, 10542L, NA, 26421L, 60907L, 95849L, 40718L, 
    89040L, 66265L, 197751L, NA, 37944L, 25517L, 182402L, 39143L, 
    38377L, 23474L, 99215L, 46256L, 111329L), FY90 = c(185837L, 
    215291L, 139020L, 223958L, 534780L, 62843L, 55227L, 277063L, 
    117428L, 418203L, NA, 6930L, 116122L, 202547L, 242703L, 304136L, 
    450148L, 49520L, 138707L, 71404L, 129525L, 140113L, 91137L, 
    84466L, 33191L, 308554L, 5880L, 40675L, 93925L, 59627L, 88852L, 
    30983L, 38260L, 11146L, NA, 27929L, 65900L, 98400L, 31327L, 
    96944L, 71901L, 206710L, NA, 40080L, 24286L, 179675L, 43357L, 
    42043L, 30628L, 93209L, 44711L, 121879L), FY91 = c(203623L, 
    199605L, 135816L, 241633L, 431220L, 63801L, 287860L, 340706L, 
    167410L, 330400L, NA, 6684L, 67154L, 196585L, 265202L, 315205L, 
    475874L, 55022L, 140605L, 74971L, 124586L, 99091L, 68186L, 
    86428L, 36726L, 409133L, 10566L, 37399L, 75117L, 42713L, 
    96379L, 29157L, 36841L, 12486L, NA, 26957L, 64983L, 99227L, 
    40391L, 132677L, 78273L, 76224L, NA, 40114L, 20482L, 191194L, 
    44153L, 42923L, 28167L, 90744L, 42864L, 106616L), FY92 = c(209547L, 
    205952L, 141503L, 201203L, 441750L, 60495L, 286593L, 343771L, 
    141062L, 350203L, NA, 7982L, 190818L, 200977L, 190659L, 323450L, 
    505144L, 67989L, 145131L, 68058L, 133582L, 184660L, 70356L, 
    85508L, 35718L, 419199L, 12149L, 38863L, 95228L, 48166L, 
    104675L, 27952L, 30415L, 13276L, NA, 28089L, 77422L, 122422L, 
    40616L, 111596L, 86991L, 155634L, NA, 40044L, 20306L, 211211L, 
    52539L, 45513L, 35351L, 101441L, 46170L, 102631L), FY93 = c(207612L, 
    212818L, 153562L, 233182L, 675971L, 60915L, 314324L, 54406L, 
    130471L, 350224L, NA, 8876L, 184335L, 209562L, 313150L, 349749L, 
    465251L, 199213L, 136662L, 69479L, 67690L, 218772L, 68216L, 
    84941L, 37019L, 453471L, 11775L, 36768L, 170894L, 61382L, 
    85673L, 27892L, 34599L, 15500L, NA, 24958L, 35208L, 129975L, 
    35683L, 85486L, 76267L, 200342L, NA, 40482L, 21551L, 229457L, 
    58315L, 48917L, 38866L, 109159L, 47736L, 105468L), FY94 = c(204113L, 
    233282L, 147732L, 224809L, 770949L, 61335L, 310845L, 287L, 
    130212L, 335118L, NA, 8623L, 207350L, 207455L, 324869L, 347937L, 
    435291L, 242814L, 129751L, 65993L, 126943L, 235308L, 64194L, 
    84636L, 37341L, 474286L, 9549L, 35529L, 202076L, 53756L, 
    80191L, 28007L, 39644L, 14484L, NA, 25110L, 88024L, 134927L, 
    41936L, 96904L, 84632L, 210075L, NA, 41962L, 22171L, 262484L, 
    61059L, 48483L, 47303L, 48511L, 46506L, 124145L), FY95 = c(202348L, 
    200184L, 149897L, 217194L, 811123L, 62644L, 322020L, 307419L, 
    125179L, 348749L, NA, 7520L, 215419L, 202909L, 266235L, 207255L, 
    450365L, 235040L, 161951L, 57245L, 136538L, 203267L, 45277L, 
    91315L, 38427L, 464553L, 9743L, 37212L, 211973L, 49152L, 
    78129L, 27108L, 43162L, 28872L, NA, 16085L, 87311L, 137035L, 
    61342L, 103951L, 95227L, 218305L, NA, 41199L, 23850L, 249031L, 
    65605L, 51033L, 51707L, 117148L, 46545L, 118687L), FY96 = c(200375L, 
    214066L, 155499L, 163570L, 821803L, 60047L, 367174L, 361563L, 
    78115L, 178721L, NA, 5672L, 240398L, 115045L, 210551L, 347733L, 
    413055L, 267726L, 138020L, 64418L, 127242L, 198033L, 61328L, 
    108683L, 39654L, 468205L, 9952L, 38874L, 189707L, 56169L, 
    80131L, 29629L, 42814L, 30704L, NA, 26517L, 94190L, 132829L, 
    51720L, 113937L, 99741L, 184097L, NA, 43226L, 25704L, 271874L, 
    67638L, 48055L, 54409L, 132146L, 52037L, 109322L), FY97 = c(232392L, 
    188613L, 158631L, 210951L, 741198L, 65347L, 322916L, 362794L, 
    172569L, 316805L, NA, 34554L, 221882L, 198833L, 335986L, 
    383127L, 409170L, 298787L, 115587L, 69932L, 139337L, 163837L, 
    54763L, 179774L, 43758L, 443175L, 14403L, 37116L, 202935L, 
    77562L, 68301L, 29269L, 44790L, 24775L, NA, 20467L, 109227L, 
    131995L, 64901L, 117062L, 103422L, 174371L, NA, 40603L, 22291L, 
    283420L, 100094L, 45656L, 56623L, 115993L, 48652L, 93214L
    ),