libExpenditure <-
structure(list(FY07 = c(21446107L, 466078L, 254397L, 401434L, 
63699L, 114463L, 1907912L, 290916L, 146611L, 189609L, 1162038L, 
591774L, 2138510L, 29173547L), FY08 = c(22609655L, 454646L, 88217L, 
371059L, 330900L, 98187L, 2438936L, 156554L, 289724L, 146101L, 
2010239L, 765977L, 2284705L, 32044898L), FY09 = c(22895321L, 
318636L, 19891L, 876595L, 51890L, 58581L, 2070592L, 33073L, 145021L, 
255002L, 413059L, 647428L, 1770282L, 29555370L), FY10 = c(20341195L, 
301854L, 49692L, 124540L, 278935L, 45800L, 2005413L, 26589L, 
255514L, 187813L, 982358L, 505237L, 1640846L, 26745787L)), .Names = c("FY07", 
"FY08", "FY09", "FY10"), class = "data.frame", row.names = c(NA, 
-14L))
