libHoldings <-
structure(list(island = structure(c(4L, 4L, 4L, 4L, 4L, 4L, 4L, 
4L, 4L, 4L, 4L, 4L, 4L, 4L, 4L, 4L, 4L, 4L, 4L, 4L, 4L, 4L, 4L, 
4L, 1L, 1L, 1L, 1L, 1L, 1L, 1L, 1L, 1L, 1L, 1L, 1L, 1L, 1L, 2L, 
2L, 2L, 2L, 2L, 2L, 3L, 3L, 3L, 3L, 3L, 3L, 3L, 3L), .Label = c("Hawaii", 
"Kauai", "Maui", "Oahu"), class = "factor"), library = structure(c(1L, 
2L, 4L, 7L, 11L, 12L, 14L, 16L, 17L, 18L, 20L, 28L, 30L, 32L, 
33L, 34L, 41L, 43L, 45L, 46L, 47L, 48L, 50L, 52L, 3L, 8L, 9L, 
10L, 15L, 21L, 22L, 27L, 36L, 37L, 38L, 39L, 40L, 44L, 6L, 19L, 
24L, 29L, 42L, 51L, 5L, 13L, 23L, 25L, 26L, 31L, 35L, 49L), .Label = c("Aiea", 
"Aina Haina", "Bond Mem.", "Ewa Beach", "Hana", "Hanapepe", "Hawaii Kai", 
"Hilo", "Holualoa", "Honokaa", "HSL", "Kahuku", "Kahului", "Kailua", 
"Kailua/Kona", "Kaimuki", "Kalihi", "Kaneohe ", "Kapaa", "Kapolei ", 
"Keaau", "Kealakekua", "Kihei", "Koloa ", "Lahaina", "Lanai", 
"Laupahoehoe", "LBPH ", "Lihue ", "Liliha ", "Makawao", "Manoa", 
"McCully   ", "Mililani  ", "Molokai ", "Mt View", "Naalehu", 
"North Kohala", "Pahala", "Pahoa", "Pearl City ", "Princeville ", 
"Salt Lake", "T. Parker", "Wahiawa ", "Waialua ", "Waianae", 
"Waikiki ", "Wailuku  ", "Waimanalo", "Waimea", "Waipahu "), class = "factor"), 
    FY84 = c(31508L, 44732L, 90L, 45537L, 349981L, 25962L, 47493L, 
    101987L, 37386L, 71195L, NA, 84L, 36682L, 34701L, 58837L, 
    5L, 89256L, 2651L, 28258L, 15L, 22063L, 34095L, 34601L, 27316L, 
    0L, 11860L, 0L, 0L, 0L, 0L, 0L, 0L, 1L, 0L, NA, 0L, 1L, 0L, 
    2L, 0L, 0L, 1184L, NA, 1L, 0L, 0L, 0L, 0L, 1L, 4L, 0L, 8L
    ), FY85 = c(35912L, 47690L, 55754L, 46334L, 392190L, 39678L, 
    50173L, 114382L, 40606L, 74991L, NA, 82980L, 36797L, 35940L, 
    67068L, 27665L, 96635L, 5044L, 33009L, 21910L, 27350L, 37120L, 
    36991L, 31840L, 7238L, 135502L, 2317L, 9583L, 11627L, 10912L, 
    17459L, 15467L, 6515L, 0L, NA, 8234L, 16225L, 24138L, 19973L, 
    18208L, 24169L, 78843L, NA, 20258L, 14216L, 63799L, 5571L, 
    14342L, 21611L, 21669L, 15948L, 66593L), FY86 = c(37844L, 
    48039L, 60482L, 46673L, 400316L, 39718L, 50175L, 116551L, 
    44517L, 75123L, NA, 102214L, 39256L, 35781L, 72632L, 32266L, 
    101233L, 5861L, 37456L, 23557L, 30880L, 37661L, 38577L, 33875L, 
    7716L, 147495L, 2333L, 10272L, 13429L, 9805L, 16604L, 13124L, 
    7428L, 0L, NA, 8702L, 14920L, 24636L, 19869L, 20671L, 22243L, 
    93724L, NA, 17157L, 15915L, 49675L, 6202L, 12201L, 21007L, 
    19597L, 14955L, 49654L), FY87 = c(39276L, 46608L, 64834L, 
    44624L, 406925L, 36940L, 51879L, 118728L, 48424L, 80699L, 
    NA, 92514L, 40754L, 36219L, 74147L, 36849L, 105282L, 6892L, 
    40734L, 25434L, 34142L, 38764L, 34836L, 36274L, 7930L, 150738L, 
    2643L, 10701L, 13642L, 10464L, 16806L, 12855L, 8068L, 3L, 
    NA, 9457L, 14701L, 24195L, 20994L, 22915L, 22373L, 97733L, 
    NA, 17954L, 16242L, 60278L, 0L, 11099L, 21946L, 22444L, 12442L, 
    56028L), FY88 = c(41924L, 47837L, 65637L, 46307L, 426359L, 
    37384L, 55494L, 116453L, 45245L, 85021L, NA, 46L, 41400L, 
    37215L, 72731L, 41192L, 111411L, 7788L, 43347L, 26718L, 37138L, 
    40585L, 34741L, 38668L, 8667L, 156405L, 2829L, 10867L, 16229L, 
    12462L, 18779L, 13986L, 8612L, 10L, NA, 10318L, 16550L, 25033L, 
    22345L, 24301L, 23139L, 99159L, NA, 18519L, 17995L, 64348L, 
    8286L, 12321L, 22282L, 24615L, 12526L, 58647L), FY89 = c(46796L, 
    49902L, 67296L, 47573L, 439730L, 34805L, 54957L, 117870L, 
    46072L, 91588L, NA, 3442L, 44110L, 38956L, 71418L, 50318L, 
    118094L, 8358L, 40278L, 28131L, 39300L, 44088L, 36553L, 41082L, 
    9125L, 162423L, 3084L, 11964L, 18481L, 14078L, 20691L, 14082L, 
    9251L, 9L, NA, 11431L, 18322L, 26720L, 23491L, 26267L, 24052L, 
    100834L, NA, 18730L, 19960L, 69261L, 10375L, 13649L, 23705L, 
    26404L, 13737L, 60000L), FY90 = c(52347L, 50564L, 71549L, 
    50905L, 437645L, 37219L, 59292L, 108429L, 47883L, 97114L, 
    NA, 5913L, 47362L, 42260L, 75554L, 55659L, 127034L, 9199L, 
    44420L, 29960L, 39542L, 43451L, 38058L, 40531L, 9767L, 164807L, 
    3705L, 12027L, 19935L, 15716L, 21867L, 13225L, 10033L, 16L, 
    NA, 12696L, 20219L, 28320L, 23145L, 28620L, 24716L, 99723L, 
    NA, 18478L, 21034L, 73495L, 10843L, 15011L, 24424L, 27984L, 
    4675L, 61478L), FY91 = c(58922L, 56700L, 74933L, 59409L, 
    460049L, 40144L, 62204L, 118398L, 54165L, 106607L, NA, 5966L, 
    54803L, 49203L, 81392L, 67814L, 143692L, 13841L, 52213L, 
    33161L, 43175L, 58106L, 40222L, 44296L, 11287L, 181675L, 
    5362L, 13251L, 21624L, 17874L, 26666L, 15694L, 11799L, 2111L, 
    NA, 12508L, 24197L, 29394L, 28078L, 33968L, 28445L, 96661L, 
    NA, 21608L, 22533L, 77435L, 12627L, 16576L, 27261L, 31501L, 
    16423L, 66196L), FY92 = c(68404L, 63561L, 81133L, 65193L, 
    461143L, 42361L, 64370L, 127675L, 57532L, 115774L, NA, 5842L, 
    57628L, 53761L, 86977L, 76028L, 154592L, 30889L, 58755L, 
    36576L, 48915L, 61889L, 44776L, 46625L, 12996L, 193725L, 
    5642L, 15289L, 29611L, 21152L, 29766L, 18378L, 12837L, 2891L, 
    NA, 13687L, 26877L, 33245L, 29730L, 37869L, 31539L, 106568L, 
    NA, 24378L, 25316L, 85196L, 15166L, 19933L, 28850L, 35674L, 
    19280L, 71096L), FY93 = c(76727L, 65778L, 86733L, 74377L, 
    492013L, 44847L, 73029L, 116864L, 63167L, 124696L, NA, 6209L, 
    66516L, 57792L, 103287L, 83355L, 168069L, 50439L, 64386L, 
    40073L, 52556L, 66891L, 48842L, 49911L, 14637L, 201639L, 
    6699L, 17086L, 42375L, 22716L, 31158L, 19858L, 14420L, 3102L, 
    NA, 15298L, 27896L, 38990L, 29656L, 42104L, 35159L, 118359L, 
    NA, NA, 27898L, 92322L, 17208L, 23283L, 30974L, 39799L, 21921L, 
    75688L), FY94 = c(81828L, 70312L, 94884L, 81467L, 519108L, 
    47718L, 80989L, 124320L, 68091L, 132882L, NA, 6595L, 75689L, 
    62118L, 112576L, 86693L, 180602L, 56256L, 71623L, 43831L, 
    59063L, 75291L, 52218L, 54361L, 16034L, 214940L, 6745L, 18413L, 
    51999L, 23308L, 30409L, 21008L, 15999L, 3877L, NA, 17485L, 
    31194L, 42165L, 30439L, 47540L, 37443L, 125215L, NA, 28944L, 
    30066L, 102230L, 19725L, 26314L, 33836L, 44013L, 24533L, 
    81523L), FY95 = c(84647L, 65679L, 92220L, 85158L, 535008L, 
    47846L, 85768L, 129386L, 71908L, 139576L, NA, 6393L, 80327L, 
    64054L, 113224L, 87477L, 182760L, 61028L, 71624L, 43279L, 
    61188L, 72340L, 50952L, 59034L, 16986L, 224100L, 6927L, 17959L, 
    56915L, 25354L, 31067L, 22487L, 17184L, 5169L, NA, 18739L, 
    32693L, 44784L, 32484L, 49452L, 37706L, 126986L, NA, 30337L, 
    32000L, 105463L, 21245L, 28216L, 34616L, 48160L, 25996L, 
    83073L), FY96 = c(82296L, 63273L, 95037L, 91063L, 541437L, 
    48595L, 88554L, 132358L, 69549L, 143582L, NA, 6611L, 80978L, 
    66513L, 111032L, 88236L, 173862L, 61520L, 72037L, 43104L, 
    64840L, 69242L, 51396L, 65402L, 17475L, 230035L, 7180L, 18781L, 
    60786L, 27357L, 32389L, 24327L, 17916L, 6292L, NA, 20548L, 
    33277L, 48863L, 32485L, 51304L, 36959L, 119440L, NA, 31480L, 
    32122L, 101821L, 31343L, 28096L, 33191L, 51959L, 27140L, 
    84906L), FY97 = c(67978L, 50638L, 79222L, 75995L, 541625L, 
    44373L, 78000L, 125982L, 62976L, 124417L, NA, 7188L, 71367L, 
    58806L, 97858L, 75312L, 150716L, 53920L, 57260L, 36929L, 
    51963L, 52341L, 45702L, 60560L, 14614L, 199002L, 6468L, 13944L, 
    47630L, 21940L, 27338L, 19711L, 15449L, 6735L, NA, 17735L, 
    29359L, 41116L, 26711L, 41371L, 34249L, 92933L, NA, 24958L, 
    27622L, 88811L, 37358L, 25521L, 30084L, 43188L, 22018L, 66472L
    ), FY98 = c(70313L, 50082L, 80121L, 78342L, 547167L, 44140L, 
    78475L, 130078L, 64485L, 124832L, NA, 7526L, 72593L, 61877L, 
    99423L, 77030L, 147413L, 54606L, 58934L, 36865L, 52302L, 
    52872L, 45038L, 62751L, 15915L, 202811L, 6500L, 14987L, 47684L, 
    22750L, 28351L, 18883L, 17267L, 7077L, NA, 18438L, 32075L, 
    42632L, 27127L, 42765L, 35624L, 86153L, NA, 24832L, 27551L, 
    89764L, 42675L, 26031L, 31287L, 45744L, 22746L, 67715L),