libInternet <-
structure(c(22100L, 21164L, 25740L, 18304L, 23377L, 26209L, 4940L, 
4472L, 2808L, 2464L, 3459L, 3638L, 9776L, 10816L, 9464L, 8909L, 
8864L, 9345L, 6500L, 6188L, 7592L, 6834L, 5002L, 5462L, 4524L, 
4524L, 3900L, 3074L, 2788L, 3127L, 6240L, 6240L, 2808L, 2512L, 
1750L, 1618L, 3588L, 3380L, 5512L, 4343L, 3252L, 4206L, 2704L, 
2860L, 2080L, 2637L, 3112L, 3014L, NA, NA, NA, NA, NA, 6258L, 
7332L, 4836L, 7852L, 5275L, 747L, 1335L, 6136L, 7020L, 10348L, 
7597L, 1993L, 5899L, 7020L, 6032L, 6708L, 6416L, 3484L, 5542L, 
7904L, 5460L, 6552L, 4619L, 4481L, 5171L, 8996L, 10036L, 10192L, 
9302L, 7428L, 8662L, 10764L, 11440L, 9360L, 8348L, 7737L, 7529L, 
13468L, 15808L, 16952L, 15030L, 13393L, 13657L, 7644L, 7020L, 
8840L, 7791L, 6405L, 7756L, 7540L, 7904L, 4472L, 4860L, 4538L, 
4262L, 12584L, 5824L, 4108L, 4238L, 3834L, 4379L, 12584L, 9204L, 
9360L, 9510L, 5889L, 5141L, 8788L, 9568L, 7332L, 6298L, 7128L, 
9907L, 3900L, 5460L, 5512L, 5655L, 5240L, 6032L, 4212L, 3484L, 
3484L, 3050L, 3103L, 3253L, 1352L, 6604L, 6344L, 5475L, 5170L, 
5044L, 10244L, 9308L, 7800L, 8208L, 9219L, 8022L, 7228L, 6084L, 
8788L, 8609L, 9373L, 9459L, 3900L, 3640L, 9048L, 8036L, 8223L, 
8910L, 4108L, 4576L, 5824L, 5673L, 5070L, 5018L, 3068L, 4056L, 
4212L, 3826L, 3377L, 4237L, 4212L, 3744L, 4732L, 4706L, 5158L, 
5338L, 41548L, 52624L, 67080L, 68665L, 67935L, 74321L, 8268L, 
6812L, 11128L, 7568L, 4951L, 5968L, 9672L, 11284L, 13208L, 11170L, 
10676L, 11315L, 12116L, 10816L, 15496L, 15904L, 15811L, 15669L, 
8580L, 11388L, 14924L, 12517L, 12051L, 12037L, 8996L, 12636L, 
16692L, 14198L, 13634L, 12729L, 39728L, 42848L, 43628L, 36708L, 
34050L, 33996L, 156L, 676L, 1196L, 853L, 780L, 854L, 11180L, 
12428L, 13364L, 10460L, 11148L, 12795L, 6032L, 6292L, 8112L, 
7949L, 2057L, 2509L, 10192L, 11284L, 11544L, 12444L, 11704L, 
12808L, 6136L, 7176L, 9984L, 8392L, 7956L, 9575L, 5356L, 17732L, 
17264L, 16416L, 17401L, 17708L, 6552L, 6968L, 10244L, 8453L, 
8254L, 8807L, 8736L, 9880L, 11284L, 10969L, 9913L, 9968L, 4004L, 
6916L, 9464L, 7346L, 6655L, 6481L, 6448L, 7696L, 12272L, 10581L, 
11244L, 10873L, 6084L, 5720L, 7176L, 6252L, 5632L, 6856L, 6032L, 
8788L, 8008L, 6317L, 5276L, 7290L, 12376L, 12116L, 16016L, 13150L, 
12634L, 14326L, 3848L, 4420L, 5148L, 4023L, 3563L, NA, 1040L, 
728L, 364L, 452L, NA, NA), .Dim = c(6L, 52L), .Dimnames = list(
    NULL, c("Hilo", "Honokaa", "Kailua", "Keaau", "Keala", "Laupa", 
    "View", "Naale", "Kohala", "Pahala", "Pahoa", "Parker", "Hana", 
    "Kapaa", "Koloa", "Lihue", "Prince", "Waimea", "Hana", "Kahului", 
    "Kihei", "Lahaina", "Lanai", "Makawao", "Molokai", "Wailuku", 
    "Aiea", "Aina", "Ewa", "Hawaii", "HSL", "Kahuku", "Kailua", 
    "Kaimuki", "Kalihi", "Kaneohe", "Kapolei", "LBPH", "Liliha", 
    "Manoa", "McCully", "Mililani", "Pearlc", "Saltlake", "Wahiawa", 
    "Waialua", "Waianae", "Waikiki", "Waima", "Waipa", "Bond", 
    "Holua")), .Tsp = c(2006, 2011, 1), class = c("mts", "ts", 
"matrix"))
