library11 <-
structure(list(island = structure(c(4L, 4L, 4L, 4L, 4L, 4L, 4L, 
4L, 4L, 4L, 4L, 4L, 4L, 4L, 4L, 4L, 4L, 4L, 4L, 4L, 4L, 4L, 4L, 
4L, 1L, 1L, 1L, 1L, 1L, 1L, 1L, 1L, 1L, 1L, 1L, 1L, 1L, 2L, 2L, 
2L, 2L, 2L, 2L, 3L, 3L, 3L, 3L, 3L, 3L, 3L, 3L), .Label = c("Hawaii", 
"Kauai", "Maui", "Oahu"), class = "factor"), library = structure(c(1L, 
2L, 3L, 6L, 7L, 11L, 13L, 15L, 16L, 17L, 19L, 27L, 29L, 31L, 
32L, 33L, 40L, 42L, 44L, 45L, 46L, 47L, 49L, 51L, 8L, 9L, 10L, 
14L, 20L, 21L, 26L, 35L, 36L, 37L, 38L, 39L, 43L, 5L, 18L, 23L, 
28L, 41L, 50L, 4L, 12L, 22L, 24L, 25L, 30L, 34L, 48L), .Label = c("Aiea", 
"Aina Haina", "Ewa Beach", "Hana", "Hanapepe", "Hawaii Kai", 
"Hawaii State", "Hilo", "Holualoa", "Honokaa", "Kahuku", "Kahului", 
"Kailua", "Kailua-Kona", "Kaimuki", "Kalihi-Palama", "Kaneohe", 
"Kapaa", "Kapolei", "Keaau", "Kealakekua", "Kihei", "Koloa", 
"Lahaina", "Lanai", "Laupahoehoe", "LBPH", "Lihue", "Liliha", 
"Makawao", "Manoa", "McCully", "Mililani", "Molokai", "Mountain View", 
"Naalehu", "North Kohala", "Pahala", "Pahoa", "Pearl City", "Princeville", 
"Salt Lake", "Thelma Parker", "Wahiawa", "Waialua", "Waianae", 
"Waikiki", "Wailuku", "Waimanalo", "Waimea", "Waipahu"), class = "factor"), 
    reference = c(1381L, 1322L, 2987L, 3464L, 121403L, 2950L, 
    3860L, 11963L, 2912L, 6906L, 5201L, 248L, 1947L, 236L, 1410L, 
    1691L, 14886L, 2017L, 1634L, 788L, 2731L, 1405L, 1491L, 2410L, 
    30317L, 12L, 1242L, 2740L, 1024L, 456L, 620L, 436L, 261L, 
    637L, 625L, 838L, 1322L, 1964L, 3058L, 1485L, 8515L, 2765L, 
    4033L, 1515L, 16881L, 2531L, 2145L, 1778L, 2348L, 1446L, 
    2372L), book = c(68590L, 59650L, 74316L, 70517L, 426129L, 
    43377L, 77374L, 92208L, 55194L, 109880L, 115605L, 12993L, 
    82201L, 25371L, 97737L, 81717L, 150655L, 67724L, 49222L, 
    37536L, 55656L, 36123L, 41092L, 63050L, 200199L, 433L, 18614L, 
    51926L, 29116L, 17529L, 22356L, 21999L, 8574L, 16491L, 6227L, 
    29997L, 42111L, 27285L, 33669L, 29767L, 72715L, 51469L, 24374L, 
    29406L, 85843L, 63928L, 27860L, 29970L, 38584L, 20179L, 65525L
    ), cd = c(3408L, 2843L, 1153L, 1715L, 11325L, 1102L, 3104L, 
    3788L, 3019L, 2814L, 6064L, 2L, 2225L, 1077L, 3127L, 3291L, 
    2975L, 2432L, 1537L, 1693L, 1382L, 2117L, 1018L, 1510L, 6268L, 
    8L, 960L, 2923L, 1860L, 1018L, 1508L, 1486L, 600L, 1199L, 
    692L, 1927L, 3516L, 975L, 1607L, 299L, 2965L, 218L, 466L, 
    1073L, 2566L, 2708L, 1568L, 1114L, 1930L, 1805L, 2417L), 
    dvd = c(4145L, 1967L, 1399L, 1989L, 6056L, 1135L, 1874L, 
    3739L, 3170L, 2264L, 6326L, 26L, 2633L, 3691L, 4486L, 2941L, 
    3622L, 3723L, 1542L, 2064L, 2039L, 2555L, 1557L, 2710L, 7127L, 
    12L, 1599L, 3083L, 1769L, 1322L, 2224L, 1994L, 1069L, 1947L, 
    916L, 2137L, 2622L, 1884L, 3192L, 3644L, 3484L, 2516L, 1326L, 
    1345L, 3077L, 3116L, 1689L, 3967L, 2220L, 2283L, 2580L), 
    video = c(71L, 24L, 5L, 198L, 1674L, 272L, 71L, 247L, 34L, 
    2L, 38L, 180L, 211L, 74L, 192L, 35L, 181L, 161L, 61L, 95L, 
    132L, 27L, 67L, 228L, 1309L, 10L, 24L, 98L, 48L, 4L, 23L, 
    30L, 12L, 8L, 1L, 121L, 421L, 68L, 184L, 39L, 133L, 496L, 
    134L, 172L, 476L, 53L, 512L, 61L, 48L, 40L, 176L), phonotape = c(679L, 
    532L, 470L, 1007L, 3151L, 671L, 1139L, 1575L, 104L, 454L, 
    248L, 25L, 967L, 569L, 998L, 567L, 1026L, 222L, 916L, 534L, 
    802L, 185L, 547L, 800L, 1407L, 5L, 49L, 373L, 38L, 225L, 
    75L, 100L, 26L, 37L, 12L, 115L, 325L, 170L, 584L, 2L, 1139L, 
    245L, 271L, 363L, 827L, 784L, 635L, 248L, 781L, 162L, 816L
    ), phonodisc = c(0L, 0L, 0L, 0L, 338L, 0L, 0L, 481L, 0L, 
    0L, 0L, 0L, 0L, 0L, 0L, 0L, 36L, 0L, 3L, 0L, 0L, 0L, 0L, 
    0L, 60L, 0L, 0L, 1L, 0L, 2L, 0L, 0L, 0L, 0L, 0L, 0L, 2L, 
    1L, 3L, 0L, 16L, 0L, 5L, 5L, 1L, 0L, 1L, 4L, 6L, 0L, 32L), 
    microform = c(0L, 0L, 0L, 0L, 290L, 0L, 0L, 0L, 0L, 313L, 
    0L, 0L, 0L, 0L, 0L, 0L, 0L, 0L, 0L, 0L, 0L, 0L, 0L, 0L, 1L, 
    0L, 0L, 0L, 0L, 0L, 0L, 0L, 0L, 0L, 0L, 0L, 0L, 0L, 0L, 0L, 
    0L, 0L, 0L, 0L, 1L, 0L, 0L, 0L, 0L, 0L, 0L), cdrom = c(0L, 
    2L, 3L, 6L, 223L, 1L, 5L, 60L, 8L, 0L, 1L, 0L, 15L, 0L, 6L, 
    1L, 79L, 16L, 12L, 0L, 0L, 1L, 0L, 1L, 61L, 0L, 8L, 1L, 10L, 
    15L, 2L, 1L, 1L, 1L, 4L, 0L, 15L, 3L, 0L, 0L, 15L, 0L, 27L, 
    1L, 42L, 1L, 1L, 2L, 0L, 7L, 6L), software = c(0L, 0L, 0L, 
    0L, 0L, 0L, 0L, 1L, 0L, 0L, 0L, 0L, 0L, 0L, 0L, 0L, 0L, 0L, 
    0L, 0L, 0L, 0L, 0L, 0L, 0L, 0L, 0L, 0L, 0L, 0L, 0L, 0L, 0L, 
    0L, 0L, 0L, 0L, 0L, 0L, 0L, 0L, 0L, 0L, 0L, 0L, 0L, 0L, 0L, 
    0L, 0L, 0L), avMisc = c(1L, 8L, 5L, 1L, 0L, 0L, 1L, 8L, 1L, 
    6L, 0L, 0L, 0L, 0L, 10L, 0L, 9L, 1L, 1L, 0L, 0L, 0L, 0L, 
    0L, 25L, 0L, 4L, 13L, 0L, 0L, 1L, 2L, 1L, 0L, 0L, 0L, 1L, 
    1L, 0L, 0L, 5L, 1L, 0L, 18L, 0L, 8L, 31L, 23L, 2L, 8L, 12L
    ), langlearn = c(55L, 48L, 22L, 15L, 648L, 12L, 102L, 23L, 
    49L, 38L, 217L, 12L, 189L, 11L, 205L, 31L, 139L, 70L, 5L, 
    6L, 0L, 55L, 3L, 14L, 210L, 0L, 0L, 14L, 15L, 26L, 0L, 4L, 
    5L, 5L, 4L, 0L, 23L, 16L, 14L, 28L, 40L, 0L, 4L, 3L, 80L, 
    89L, 13L, 53L, 12L, 13L, 71L), uncatalogued = c(18L, 39L, 
    14L, 13L, 18L, 2L, 10L, 35L, 9L, 69L, 10L, 5L, 20L, 14L, 
    18L, 12L, 6L, 182L, 11L, 10L, 2L, 20L, 7L, 8L, 200L, 4L, 
    57L, 14L, 30L, 9L, 19L, 12L, 18L, 10L, 30L, 5L, 18L, 35L, 
    12L, 42L, 31L, 9L, 15L, 12L, 14L, 17L, 11L, 11L, 16L, 6L, 
    23L), total = c(78348L, 66435L, 80374L, 78925L, 571255L, 
    49522L, 87540L, 114128L, 64500L, 122746L, 133710L, 13491L, 
    90408L, 31043L, 108189L, 90286L, 173614L, 76548L, 54944L, 
    42726L, 62744L, 42488L, 45782L, 70731L, 247184L, 484L, 22557L, 
    61186L, 33910L, 20606L, 26828L, 26064L, 10567L, 20335L, 8511L, 
    35140L, 50376L, 32402L, 42323L, 35306L, 89058L, 57719L, 30655L, 
    33913L, 109808L, 73235L, 34466L, 37231L, 45947L, 25949L, 
    74030L)), .Names = c("island", "library", "reference", "book", 
"cd", "dvd", "video", "phonotape", "phonodisc", "microform", 
"cdrom", "software", "avMisc", "langlearn", "uncatalogued", "total"
), class = "data.frame", row.names = c(NA, -51L))
