liquorTax <-
structure(c(0, 7.5, 2975315.6, 2975323.1, 0, 0, 617388.4, 617388.4, 
0, 0, 560339.9, 560339.9, 0, 0, 263163.5, 263163.5, 0, 7.5, 4416207.4, 
4416214.9, 0, 97.5, 4620423.8, 4620521.3, 0, 290, 23295222.4, 
23295512.4, 47.5, 965, 23536339.8, 23537352.3), .Dim = c(4L, 
8L), .Dimnames = structure(list(Amount = c("Penalties and Interest", 
"Permit Fees", "Wholesale", "Total Collections"), Duration = c("first", 
"second", "third", "fourth", "fifth", "sixth", "seventh", "eighth"
)), .Names = c("Amount", "Duration")), class = "table")
