mauiBDMC <-
structure(c(163L, 136L, 137L, 157L, 135L, 159L, 162L, 85L, 84L, 
92L, 111L, 88L, 61L, 78L, 367L, 491L, 531L, 580L, 745L, 604L, 
511L, 2L, 19L, 14L, 12L, 14L, 19L, 14L), .Dim = c(7L, 4L), .Dimnames = list(
    NULL, c("birth", "deaths", "mar", "union")), .Tsp = c(1, 
1.5, 12), class = c("mts", "ts", "matrix"))
