mhawRate <-
structure(c(57150, 56750, 56850, 58000, 58250, 59000, 60250, 
59600, 58350, 58000, 58900, 59100, 60850, 60550, 61000, 61800, 
62150, 63950, 65200, 63950, 63550, 62650, 62850, 62700, 55200, 
54850, 54750, 55550, 55750, 56350, 57950, 57650, 56250, 56350, 
57350, 57700, 58700, 58500, 58600, 59100, 59550, 60200, 61900, 
60800, 60250, 59900, 59950, 59750, 1900, 1950, 2150, 2450, 2500, 
2650, 2350, 1950, 2100, 1650, 1550, 1400, 2150, 2050, 2400, 2700, 
2600, 3750, 3300, 3150, 3350, 2750, 2900, 2950, 3.4, 3.4, 3.7, 
4.2, 4.3, 4.5, 3.9, 3.3, 3.6, 2.8, 2.7, 2.3, 3.5, 3.4, 4, 4.4, 
4.2, 5.8, 5.1, 4.9, 5.3, 4.4, 4.6, 4.7), .Dim = c(24L, 4L), .Dimnames = list(
    NULL, c("labor", "emp", "unemp", "unempRate")), .Tsp = c(1990, 
2013, 1), class = c("mts", "ts", "matrix"))
