mhonoRate1 <-
structure(c(433850, 433750, 433700, 433600, 433450, 433200, 432900, 
432550, 432350, 432400, 432700, 433200, 433800, 434400, 434950, 
435250, 435350, 435350, 435400, 435600, 435800, 435900, 435650, 
434900, 433750, 432350, 430950, 429900, 429350, 429250, 429200, 
429100, 428950, 429000, 429400, 430300, 431450, 432750, 433800, 
434400, 434450, 434100, 433750, 433550, 433400, 433250, 433150, 
433000, 432750, 432450, 432350, 432400, 432500, 432650, 432850, 
433100, 433400, 433750, 434100, 434500, 434950, 435550, 436250, 
437250, 438400, 439700, 440900, 441800, 442250, 442300, 442000, 
441450, 440900, 440600, 440650, 440900, 441350, 441700, 441950, 
442150, 442200, 442300, 442350, 442300, 443000, 442900, 442500, 
441800, 441050, 440400, 440100, 440250, 440850, 441700, 442700, 
443700, 444450, 445150, 445900, 446650, 447300, 447800, 448100, 
448100, 447850, 447500, 446950, 446350, 445650, 445050, 444600, 
444400, 444300, 444300, 444100, 443700, 443200, 442750, 442650, 
443050, 444050, 445400, 447000, 448650, 450250, 451650, 453000, 
454250, 455350, 456300, 457250, 458050, 458800, 459450, 459850, 
460000, 459950, 459800, 459700, 459700, 459850, 460100, 460300, 
460350, 460250, 459800, 459050, 458050, 457150, 456500, 456300, 
456600, 457100, 457650, 458100, 458550, 458350, 457850, 454950, 
453350, 453250, 453950, 452500, 416300, 416400, 416500, 416500, 
416400, 416200, 416000, 415900, 416050, 416450, 417050, 417650, 
418150, 418450, 418650, 418700, 418650, 418550, 418300, 417750, 
417050, 416200, 415250, 414300, 413450, 412700, 412150, 411900, 
411950, 412300, 412700, 413050, 413350, 413750, 414400, 415350, 
416450, 417400, 418050, 418150, 417750, 417100, 416600, 416500, 
416650, 416950, 417250, 417450, 417500, 417600, 417800, 418200, 
418700, 419200, 419700, 420100, 420550, 421000, 421450, 421950, 
422550, 423300, 424250, 425400, 426750, 428100, 429300, 430150, 
430600, 430750, 430600, 430200, 429800, 429550, 429500, 429650, 
430050, 430500, 431050, 431600, 432050, 432350, 432450, 432300, 
432700, 432400, 431850, 431100, 430300, 429650, 429200, 429150, 
429400, 429900, 430650, 431400, 432000, 432400, 432650, 432700, 
432500, 432100, 431500, 430750, 429700, 428350, 426650, 424750, 
422800, 421050, 419700, 418850, 418350, 418100, 417800, 417300, 
416800, 416350, 416250, 416650, 417700, 419250, 421000, 422850, 
424550, 426050, 427300, 428400, 429350, 430300, 431300, 432350, 
433400, 434300, 434900, 435100, 434850, 434450, 433950, 433650, 
433600, 433850, 434200, 434450, 434550, 434300, 433750, 433050, 
432500, 432350, 432750, 433650, 434650, 435650, 436500, 437250, 
436950, 436550, 434050, 433200, 433850, 435250, 434550, 17550, 
17350, 17200, 17100, 17000, 17000, 16900, 16700, 16350, 15950, 
15650, 15550, 15650, 15950, 16300, 16550, 16650, 16800, 17150, 
17800, 18750, 19700, 20400, 20600, 20350, 19650, 18800, 18000, 
17400, 16950, 16500, 16050, 15650, 15300, 15050, 14900, 15000, 
15300, 15750, 16250, 16700, 17000, 17150, 17050, 16750, 16350, 
15900, 15550, 15200, 14900, 14550, 14200, 13800, 13450, 13150, 
12950, 12850, 12750, 12650, 12550, 12400, 12250, 12050, 11850, 
11650, 11600, 11600, 11650, 11650, 11600, 11400, 11200, 11100, 
11050, 11150, 11250, 11300, 11200, 10900, 10550, 10200, 9950, 
9900, 10000, 10300, 10500, 10650, 10700, 10750, 10800, 10900, 
11100, 11450, 11800, 12050, 12300, 12450, 12750, 13250, 13950, 
14800, 15700, 16600, 17350, 18200, 19150, 20300, 21550, 22850, 
24000, 24950, 25550, 25950, 26200, 26300, 26350, 26400, 26400, 
26400, 26400, 26300, 26150, 26000, 25800, 25700, 25650, 25700, 
25850, 26000, 26050, 25950, 25700, 25400, 25150, 24950, 24900, 
25050, 25350, 25750, 26050, 26200, 26200, 26100, 25900, 25700, 
25500, 25250, 25000, 24600, 24100, 23550, 22950, 22450, 22000, 
21600, 21350, 21400, 21300, 20900, 20150, 19400, 18650, 17950, 
0.04, 0.04, 0.04, 0.039, 0.039, 0.039, 0.039, 0.039, 0.038, 0.037, 
0.036, 0.036, 0.036, 0.037, 0.037, 0.038, 0.038, 0.039, 0.039, 
0.041, 0.043, 0.045, 0.047, 0.047, 0.047, 0.045, 0.044, 0.042, 
0.041, 0.039, 0.038, 0.037, 0.036, 0.036, 0.035, 0.035, 0.035, 
0.035, 0.036, 0.037, 0.038, 0.039, 0.04, 0.039, 0.039, 0.038, 
0.037, 0.036, 0.035, 0.034, 0.034, 0.033, 0.032, 0.031, 0.03, 
0.03, 0.03, 0.029, 0.029, 0.029, 0.029, 0.028, 0.028, 0.027, 
0.027, 0.026, 0.026, 0.026, 0.026, 0.026, 0.026, 0.025, 0.025, 
0.025, 0.025, 0.026, 0.026, 0.025, 0.025, 0.024, 0.023, 0.023, 
0.022, 0.023, 0.023, 0.024, 0.024, 0.024, 0.024, 0.024, 0.025, 
0.025, 0.026, 0.027, 0.027, 0.028, 0.028, 0.029, 0.03, 0.031, 
0.033, 0.035, 0.037, 0.039, 0.041, 0.043, 0.045, 0.048, 0.051, 
0.054, 0.056, 0.058, 0.058, 0.059, 0.059, 0.059, 0.06, 0.06, 
0.06, 0.06, 0.059, 0.059, 0.058, 0.058, 0.057, 0.057, 0.057, 
0.057, 0.057, 0.057, 0.057, 0.056, 0.055, 0.055, 0.054, 0.054, 
0.055, 0.055, 0.056, 0.057, 0.057, 0.057, 0.057, 0.056, 0.056, 
0.055, 0.055, 0.055, 0.054, 0.053, 0.052, 0.05, 0.049, 0.048, 
0.047, 0.047, 0.047, 0.046, 0.046, 0.044, 0.043, 0.041, 0.04), .Dim = c(163L, 
4L), .Dimnames = list(NULL, c("labor", "emp", "unemp", "unempRate"
)), .Tsp = c(2000, 2013.5, 12), class = c("mts", "ts", "matrix"
))
