mhonoRate2 <-
structure(c(406500, 406350, 409550, 410100, 411100, 413400, 414650, 
412000, 401150, 405500, 410200, 410800, 409450, 410750, 413750, 
414650, 411300, 416450, 416150, 410200, 407450, 408450, 412450, 
413200, 413050, 413900, 416300, 416000, 416550, 420100, 422500, 
419200, 414150, 417350, 422650, 424300, 421450, 421550, 423000, 
422550, 424150, 426900, 426500, 423350, 417600, 420600, 424400, 
426300, 425750, 425550, 425450, 426900, 426300, 426600, 426450, 
424450, 419750, 423450, 427300, 427350, 425450, 426350, 429000, 
431150, 429750, 430350, 432050, 427550, 422650, 425600, 428000, 
428000, 427150, 429750, 431800, 433000, 433050, 435100, 436500, 
430800, 428050, 430000, 434800, 434000, 431250, 431000, 434000, 
433800, 434150, 437100, 436650, 433350, 430450, 431150, 434850, 
435350, 432900, 432550, 435050, 434700, 434750, 436150, 435700, 
432950, 433500, 433350, 436100, 438900, 433800, 432100, 433350, 
435100, 434550, 436400, 433850, 430750, 429400, 430850, 433900, 
436250, 433350, 434500, 434150, 435950, 432200, 435500, 432750, 
430000, 428650, 430200, 434250, 435850, 433050, 435650, 436600, 
436400, 433450, 437750, 436600, 431500, 431300, 434050, 439050, 
438000, 433100, 433450, 431950, 428700, 429100, 432200, 429150, 
426200, 427200, 427150, 429250, 430400, 433550, 433750, 433850, 
435300, 434200, 436900, 434550, 429800, 430350, 430650, 436100, 
436200, 432100, 430300, 433350, 434050, 432000, 434450, 434600, 
430350, 429400, 431450, 438100, 436700, 433100, 434650, 436100, 
439700, 438000, 440850, 442400, 438950, 440300, 441100, 444250, 
443200, 437700, 440600, 441950, 441750, 440550, 444300, 443850, 
439750, 440300, 438850, 444150, 444050, 442050, 442400, 444300, 
441550, 441450, 444250, 442050, 435450, 439800, 438750, 444550, 
444250, 444500, 443300, 446550, 447750, 448350, 450750, 449800, 
445450, 444750, 445300, 448300, 447100, 444450, 445400, 443750, 
445600, 444900, 446600, 445200, 440200, 440700, 440750, 443200, 
441950, 447550, 447400, 447300, 454050, 453700, 455000, 455150, 
452050, 454900, 456600, 461000, 463200, 456250, 459950, 461200, 
461450, 459350, 459900, 458750, 454450, 456950, 457350, 460200, 
459000, 456000, 459850, 459500, 457650, 457350, 455850, 453650, 
451100, 453850, 454350, 454900, 457200, 452750, 457350, 454550, 
456050, 457150, 457250, 455850, 452350, 455550, 457650, 462050, 
463100, 463750, 463150, 468050, 398450, 399200, 402100, 402450, 
403200, 403400, 406050, 403900, 391900, 397850, 401850, 404650, 
402000, 403250, 404700, 406750, 403600, 406450, 407400, 402050, 
397900, 400250, 403850, 404850, 403550, 403550, 405400, 406000, 
405100, 406300, 409650, 406400, 401350, 406000, 410450, 412950, 
408800, 408850, 409850, 410300, 411800, 412000, 412550, 409850, 
403850, 407350, 410550, 413000, 409900, 409700, 408850, 410400, 
410100, 408200, 407800, 406300, 401850, 406950, 411700, 413500, 
409650, 411150, 412700, 413150, 411300, 409650, 411300, 407150, 
401850, 406250, 409650, 410650, 406850, 409900, 411400, 412250, 
412250, 412250, 413750, 409600, 406100, 409800, 412800, 414850, 
411350, 411200, 413150, 414100, 414450, 414000, 414300, 411500, 
407350, 410850, 415150, 416500, 413400, 413900, 414650, 416200, 
414700, 412500, 412950, 410800, 408750, 411200, 415100, 419350, 
413950, 413150, 414050, 416100, 416100, 414550, 413300, 411550, 
409650, 412450, 416300, 420300, 415850, 417850, 417500, 420000, 
415950, 416400, 415350, 412600, 411300, 414450, 418700, 421200, 
417650, 420600, 420750, 419800, 418300, 418400, 418950, 414150, 
413200, 414350, 416300, 417500, 413050, 415300, 414000, 411150, 
412700, 412900, 411850, 410050, 410750, 412350, 413650, 417000, 
418500, 419650, 418750, 419700, 418500, 416550, 416650, 412850, 
412550, 414800, 419650, 422150, 417450, 416500, 418550, 420350, 
419400, 418300, 420600, 417350, 415750, 419150, 424900, 425750, 
421100, 422950, 424700, 428200, 427200, 426600, 429950, 427500, 
427500, 430100, 432000, 433800, 427600, 430400, 431150, 430600, 
429900, 430200, 431450, 429200, 429700, 429750, 434000, 436250, 
431700, 432450, 433900, 431450, 431550, 430650, 429700, 424000, 
427850, 427750, 432400, 433200, 432150, 431550, 434500, 434700, 
433700, 431850, 431950, 427700, 426050, 427250, 428100, 427650, 
421350, 421450, 419300, 421550, 419350, 417550, 418350, 414100, 
413250, 414450, 417450, 417700, 420400, 421650, 421850, 429600, 
429300, 427100, 428000, 425900, 428800, 430650, 434500, 439500, 
430650, 435300, 437350, 438700, 435150, 432150, 432200, 428550, 
430000, 431250, 434350, 435250, 430650, 435200, 434800, 435050, 
433850, 429200, 429350, 428900, 431850, 432950, 434250, 438350, 
431850, 437850, 435550, 438300, 438450, 435100, 435950, 433250, 
435250, 437350, 442250, 445600, 444450, 444200, 449500, 8000, 
7150, 7450, 7650, 7850, 10000, 8600, 8100, 9200, 7650, 8350, 
6150, 7450, 7500, 9050, 7850, 7650, 10000, 8750, 8150, 9600, 
8200, 8600, 8350, 9550, 10350, 10900, 10000, 11450, 13850, 12850, 
12850, 12800, 11350, 12200, 11350, 12650, 12700, 13150, 12250, 
12350, 14950, 13950, 13500, 13800, 13250, 13850, 13300, 15850, 
15850, 16600, 16500, 16200, 18400, 18650, 18150, 17900, 16500, 
15650, 13800, 15800, 15200, 16300, 18000, 18400, 20650, 20700, 
20400, 20750, 19350, 18350, 17350, 20250, 19850, 20400, 20750, 
20800, 22850, 22750, 21200, 22000, 20200, 22050, 19100, 19900, 
19800, 20900, 19750, 19700, 23050, 22350, 21850, 23100, 20300, 
19700, 18850, 19550, 18650, 20350, 18500, 20050, 23650, 22750, 
22150, 24700, 22200, 21000, 19550, 19850, 18950, 19300, 19000, 
18450, 21850, 20550, 19200, 19750, 18400, 17600, 15950, 17500, 
16650, 16650, 15950, 16300, 19100, 17350, 17400, 17350, 15750, 
15550, 14650, 15450, 15050, 15850, 16600, 15150, 19350, 17650, 
17350, 18100, 19700, 22750, 20500, 20050, 18200, 17950, 17500, 
16400, 19300, 17300, 16150, 16500, 14800, 15600, 13400, 15050, 
14150, 15100, 15600, 15700, 20400, 17900, 16950, 17800, 15850, 
16450, 14000, 14650, 13800, 14800, 13700, 12550, 16200, 14000, 
12950, 13600, 12300, 13200, 11000, 12000, 11700, 11400, 11550, 
10800, 14300, 12500, 11450, 12800, 11000, 12250, 9400, 10100, 
10200, 10800, 11150, 10700, 14100, 12350, 10550, 10600, 9100, 
10200, 7800, 10350, 9950, 10400, 10100, 9850, 13550, 12300, 11400, 
11950, 11000, 12200, 11100, 12350, 11750, 12050, 13050, 14650, 
18900, 17850, 17800, 18700, 18100, 20200, 19450, 23150, 23900, 
24450, 24100, 25500, 29050, 26850, 26100, 27400, 26300, 25750, 
24250, 27150, 25750, 25400, 24450, 24400, 27850, 27200, 26150, 
26100, 25950, 26500, 23700, 25600, 24650, 23850, 22750, 24250, 
27800, 26550, 25900, 26950, 26100, 25800, 23750, 25300, 24650, 
24700, 22600, 23500, 26700, 24300, 22200, 21950, 21400, 20700, 
18850, 20900, 19500, 19000, 17750, 18700, 22150, 19900, 19100, 
20350, 20350, 19750, 17550, 19300, 18950, 18550, 2, 1.8, 1.8, 
1.9, 1.9, 2.4, 2.1, 2, 2.3, 1.9, 2, 1.5, 1.8, 1.8, 2.2, 1.9, 
1.9, 2.4, 2.1, 2, 2.4, 2, 2.1, 2, 2.3, 2.5, 2.6, 2.4, 2.7, 3.3, 
3, 3.1, 3.1, 2.7, 2.9, 2.7, 3, 3, 3.1, 2.9, 2.9, 3.5, 3.3, 3.2, 
3.3, 3.2, 3.3, 3.1, 3.7, 3.7, 3.9, 3.9, 3.8, 4.3, 4.4, 4.3, 4.3, 
3.9, 3.7, 3.2, 3.7, 3.6, 3.8, 4.2, 4.3, 4.8, 4.8, 4.8, 4.9, 4.5, 
4.3, 4.1, 4.7, 4.6, 4.7, 4.8, 4.8, 5.3, 5.2, 4.9, 5.1, 4.7, 5.1, 
4.4, 4.6, 4.6, 4.8, 4.5, 4.5, 5.3, 5.1, 5, 5.4, 4.7, 4.5, 4.3, 
4.5, 4.3, 4.7, 4.3, 4.6, 5.4, 5.2, 5.1, 5.7, 5.1, 4.8, 4.4, 4.6, 
4.4, 4.5, 4.4, 4.2, 5, 4.7, 4.5, 4.6, 4.3, 4.1, 3.7, 4, 3.8, 
3.8, 3.7, 3.8, 4.4, 4, 4, 4, 3.7, 3.6, 3.4, 3.6, 3.5, 3.6, 3.8, 
3.5, 4.4, 4, 4, 4.2, 4.5, 5.2, 4.7, 4.6, 4.2, 4.2, 4.1, 3.8, 
4.5, 4, 3.8, 3.9, 3.5, 3.6, 3.1, 3.5, 3.3, 3.5, 3.6, 3.6, 4.7, 
4.1, 3.9, 4.1, 3.7, 3.8, 3.2, 3.4, 3.2, 3.4, 3.2, 2.9, 3.7, 3.2, 
3, 3.2, 2.9, 3, 2.5, 2.8, 2.7, 2.6, 2.6, 2.5, 3.2, 2.8, 2.6, 
2.9, 2.5, 2.8, 2.1, 2.3, 2.3, 2.4, 2.5, 2.4, 3.2, 2.8, 2.4, 2.4, 
2.1, 2.3, 1.8, 2.3, 2.2, 2.3, 2.3, 2.2, 3.1, 2.8, 2.6, 2.7, 2.5, 
