military <-
structure(c(24785L, 23654L, 40258L, 37470L, 40683L, 35076L, 36310L, 
35412L, 39474L, 41657L, 40610L, 45046L, 41984L, 30136L, 34338L, 
42332L, 43018L, 38397L, 34515L, 39150L, 43809L, 42204L, 43071L, 
43903L, 42835L, 43907L, 45408L, 43313L, 44141L, 44470L, 44651L, 
47648L, 46875L, 46122L, 47262L, 45843L, 45935L, 41887L, 44092L, 
44864L, 42958L, 42161L, 38172L, 36392L, 34826L, 34643L, 32708L, 
33930L, 34322L, 34608L, 34203L, 35061L, 32629L, 34935L, 34838L, 
37847L, 36890L, 38755L, 42371L, 49110L, 5872L, 7957L, 19821L, 
16531L, 17511L, 14672L, 15438L, 15492L, 16945L, 17645L, 16589L, 
18566L, 20006L, 8712L, 10923L, 10871L, 12918L, 9639L, 9738L, 
13093L, 17336L, 17581L, 17312L, 18037L, 17476L, 18711L, 17446L, 
17118L, 17962L, 17457L, 17466L, 19222L, 18262L, 18153L, 18905L, 
18170L, 18788L, 18590L, 18173L, 18666L, 18831L, 19485L, 16672L, 
15225L, 15249L, 15133L, 14692L, 15483L, 15709L, 15985L, 15985L, 
17068L, 15458L, 18687L, 19867L, 21554L, 21267L, 22186L, 22895L, 
22546L, 7657L, 6443L, 5211L, 5237L, 5466L, 4908L, 5309L, 5687L, 
5774L, 6664L, 6545L, 6777L, 6700L, 6251L, 7041L, 14961L, 12652L, 
11996L, 10392L, 10752L, 10729L, 10072L, 10852L, 10531L, 9647L, 
10458L, 10562L, 10976L, 10948L, 11880L, 12671L, 12960L, 12722L, 
12938L, 12975L, 12479L, 12403L, 12289L, 12040L, 12321L, 11272L, 
11510L, 10738L, 10643L, 9840L, 7882L, 7397L, 7998L, 8349L, 8654L, 
8381L, 7694L, 6524L, 6080L, 5595L, 5320L, 5472L, 5402L, 8630L, 
15066L, 6040L, 4155L, 9677L, 9490L, 9608L, 8670L, 8470L, 7756L, 
9679L, 9903L, 9950L, 10613L, 6154L, 4485L, 5277L, 5509L, 6361L, 
7189L, 5319L, 6803L, 7695L, 7192L, 8403L, 9174L, 9783L, 8796L, 
11397L, 9277L, 9070L, 8926L, 7926L, 8703L, 9192L, 8752L, 9263L, 
9365L, 9179L, 5618L, 8571L, 8945L, 8147L, 6484L, 6198L, 5953L, 
6123L, 7081L, 6136L, 5960L, 5821L, 5680L, 5161L, 5541L, 5796L, 
5050L, 4483L, 6306L, 5574L, 6532L, 5905L, 6385L, 5216L, 5099L, 
5549L, 6212L, 8098L, 6826L, 7093L, 6477L, 7076L, 7445L, 7526L, 
9090L, 9124L, 10688L, 11097L, 10991L, 11087L, 9573L, 9066L, 8502L, 
8049L, 7359L, 6504L, 6161L, 5929L, 5942L, 6003L, 5942L, 6161L, 
6207L, 6588L, 6763L, 6699L, 6279L, 6119L, 5829L, 5565L, 5390L, 
5308L, 4932L, 4708L, 4682L, 4564L, 4571L, 3614L, 4547L, 4483L, 
4489L, 4443L, 4289L, 4676L, 4758L, 4851L, 5118L, 4893L, 4667L, 
4577L, 4635L, 4941L, 5113L), .Dim = c(60L, 5L), .Dimnames = list(
    NULL, c("Total", "Army", "Navy", "MarineCorps", "AirForce"
    )), .Tsp = c(1953, 2012, 1), class = c("mts", "ts", "matrix"
))
