mjobcount <-
structure(c(33900L, 34500L, 34800L, 34300L, 34800L, 35600L, 35800L, 
36100L, 36100L, 37000L, 36900L, 37200L, 36300L, 36000L, 36300L, 
36200L, 36500L, 36800L, 36500L, 36500L, 36000L, 35700L, 35300L, 
35300L, 33900L, 33400L, 33700L, 33600L, 33700L, 34100L, 34500L, 
34000L, 33300L, 34500L, 34900L, 35100L, 34800L, 35100L, 35200L, 
34900L, 34900L, 34900L, 35200L, 34600L, 34500L, 34000L, 33400L, 
32600L, 31000L, 30700L, 31000L, 31200L, 31100L, 31200L, 31300L, 
31400L, 31200L, 30600L, 30200L, 29500L, 28000L, 27600L, 28000L, 
27400L, 27500L, 27900L, 27800L, 28100L, 28000L, 27400L, 27200L, 
26700L, 25400L, 24800L, 24800L, 24700L, 24900L, 25200L, 25100L, 
25400L, 25300L, 25200L, 24100L, 24900L, 23700L, 23600L, 23600L, 
23100L, 23200L, 23300L, 23600L, 23800L, 23800L, 23700L, 23500L, 
23400L, 22100L, 22400L, 22500L, 22300L, 22500L, 22700L, 23100L, 
23300L, 23200L, 23100L, 22900L, 23200L, 21900L, 21900L, 21900L, 
22100L, 22200L, 22600L, 23000L, 23000L, 23200L, 23000L, 23100L, 
23500L, 23000L, 23100L, 23700L, 24000L, 24400L, 24800L, 25500L, 
25800L, 26000L, 25600L, 25600L, 25900L, 24850L, 24650L, 24800L, 
24450L, 24550L, 24650L, 24800L, 25050L, 25000L, 24500L, 24550L, 
24750L, 24350L, 24300L, 24900L, 25100L, 25400L, 26150L, 26600L, 
27000L, 26850L, 26850L, 27100L, 27200L, 26700L, 26800L, 27100L, 
27500L, 27900L, 28050L, 28350L, 28650L, 28700L, 28600L, 28550L, 
28300L, 27650L, 27900L, 27450L, 28400L, 28900L, 29500L, 30050L, 
30150L, 30400L, 30650L, 30850L, 31300L, 30800L, 31100L, 31750L, 
32450L, 33000L, 33550L, 34050L, 34450L, 34900L, 34700L, 34900L, 
35350L, 34500L, 34700L, 34900L, 35000L, 35750L, 36450L, 36750L, 
37250L, 37900L, 37750L, 38400L, 39000L, 37450L, 37900L, 38050L, 
38250L, 38700L, 39450L, 39550L, 39850L, 39950L, 40000L, 40100L, 
39950L, 38850L, 39050L, 38950L, 38550L, 38100L, 38250L, 38150L, 
37950L, 37650L, 37000L, 36350L, 35650L, 33900L, 33200L, 32700L, 
31800L, 31600L, 31650L, 31250L, 30500L, 30200L, 30450L, 29900L, 
30100L, 29000L, 28800L, 28900L, 28800L, 28800L, 28700L, 28900L, 
28700L, 28800L, 29100L, 29100L, 29200L, 27600L, 28000L, 28100L, 
29000L, 28400L, 29000L, 29500L, 29400L, 29600L, 29200L, 29100L, 
29300L, 28400L, 28400L, 28500L, 28400L, 28700L, 29300L, 29400L, 
29700L, 30100L, 30700L, 31200L, 31100L, 30500L, 30800L, 31500L, 
31600L, 31500L, 31700L, 33400L, 32300L, 20700L, 20900L, 20900L, 
20500L, 20300L, 20600L, 20700L, 20600L, 20500L, 20400L, 20500L, 
20400L, 20300L, 20300L, 20000L, 19800L, 19800L, 20100L, 20100L, 
19900L, 19800L, 19700L, 19600L, 19300L, 18600L, 18800L, 18700L, 
18700L, 18700L, 19100L, 19600L, 19300L, 18800L, 18700L, 18600L, 
18500L, 17700L, 17700L, 17800L, 17800L, 17700L, 17900L, 17800L, 
17700L, 17500L, 17300L, 17200L, 17200L, 16500L, 16700L, 16900L, 
17100L, 17000L, 17100L, 17100L, 17000L, 17000L, 16600L, 16400L, 
16400L, 16200L, 16100L, 16100L, 16100L, 16100L, 16300L, 16400L, 
16500L, 16400L, 16300L, 16400L, 16400L, 16000L, 15900L, 16000L, 
15800L, 15900L, 16000L, 16400L, 16200L, 15900L, 15900L, 15900L, 
16000L, 15700L, 15700L, 15900L, 15700L, 15700L, 16000L, 16100L, 
16000L, 15600L, 15700L, 15800L, 15900L, 15700L, 15500L, 15700L, 
15500L, 15600L, 15800L, 16000L, 15800L, 15600L, 15600L, 15700L, 
15700L, 15500L, 15500L, 15600L, 15700L, 15800L, 15900L, 16200L, 
16100L, 16100L, 16100L, 16200L, 16300L, 16100L, 16000L, 16200L, 
16200L, 16200L, 16500L, 16500L, 16700L, 16700L, 16700L, 16700L, 
16700L, 16550L, 16550L, 16550L, 16450L, 16650L, 16650L, 16550L, 
16600L, 16500L, 16000L, 16000L, 15950L, 15650L, 15600L, 15700L, 
15100L, 15200L, 15350L, 15150L, 15150L, 14950L, 14900L, 14950L, 
15000L, 14750L, 14750L, 14750L, 14850L, 14900L, 15000L, 15000L, 
15000L, 15050L, 15250L, 15350L, 15550L, 15300L, 15350L, 15250L, 
15350L, 15400L, 15550L, 15450L, 15450L, 15450L, 15350L, 15400L, 
15400L, 15100L, 15200L, 15250L, 15100L, 15150L, 15150L, 15150L, 
15350L, 15350L, 15200L, 15250L, 15350L, 15000L, 15100L, 15150L, 
15000L, 15200L, 15350L, 15350L, 15450L, 15600L, 15300L, 15500L, 
15600L, 15300L, 15300L, 15300L, 15150L, 15250L, 15400L, 15200L, 
15300L, 15250L, 15100L, 15200L, 15300L, 15000L, 15100L, 15100L, 
15000L, 15100L, 15050L, 14900L, 15000L, 14750L, 14350L, 14400L, 
14500L, 14050L, 13950L, 13950L, 13700L, 13650L, 13600L, 13450L, 
13550L, 13550L, 13500L, 13600L, 13600L, 13200L, 13100L, 13100L, 
12900L, 12900L, 12800L, 12800L, 12900L, 12900L, 13000L, 13100L, 
13200L, 13000L, 13200L, 13200L, 13200L, 13200L, 13200L, 13200L, 
13300L, 13500L, 13400L, 13500L, 13500L, 13300L, 13400L, 13300L, 
13100L, 13100L, 13200L, 13200L, 13300L, 13400L, 13400L, 13300L, 
13600L, 13200L, 13100L, 13000L, 13000L, 13000L, 12900L, 13100L, 
13400L, 17300L, 17500L, 17500L, 17400L, 17500L, 17700L, 17800L, 
17800L, 17700L, 17800L, 17800L, 18000L, 17400L, 17400L, 17400L, 
17300L, 17300L, 17400L, 17500L, 17500L, 17500L, 17600L, 17800L, 
17500L, 17300L, 17100L, 17200L, 17200L, 17100L, 17200L, 17400L, 
17300L, 17100L, 17000L, 17100L, 17300L, 17000L, 17000L, 16900L, 
17100L, 17000L, 17100L, 16900L, 16800L, 16700L, 16500L, 16700L, 
16700L, 16400L, 16300L, 16400L, 16400L, 16400L, 16500L, 16500L, 
16500L, 16400L, 16400L, 16300L, 16500L, 16300L, 16300L, 16300L, 
16300L, 16300L, 16400L, 16100L, 16100L, 16100L, 16000L, 16000L, 
16100L, 16000L, 16000L, 16000L, 15900L, 15900L, 16000L, 16000L, 
16000L, 15900L, 15800L, 15800L, 15900L, 15600L, 15600L, 15600L, 
15600L, 15600L, 15700L, 15700L, 15800L, 15800L, 15800L, 15800L, 
16000L, 15700L, 15800L, 15800L, 15900L, 15900L, 15900L, 15800L, 
15800L, 15900L, 15900L, 15900L, 16000L, 15600L, 15500L, 15600L, 
15700L, 15700L, 15700L, 15700L, 15800L, 15800L, 15900L, 15900L, 
16100L, 16000L, 16000L, 16100L, 16000L, 16000L, 16300L, 16300L, 
16400L, 16400L, 16400L, 16500L, 16500L, 16350L, 16400L, 16450L, 
16400L, 16450L, 16600L, 16500L, 16600L, 16550L, 16300L, 16250L, 
16350L, 16100L, 16100L, 16150L, 16200L, 16300L, 16400L, 16450L, 
16450L, 16500L, 16550L, 16700L, 16850L, 16500L, 16550L, 16600L, 
16650L, 16700L, 16700L, 16800L, 16850L, 16800L, 16750L, 16800L, 
16900L, 16750L, 16800L, 16850L, 16900L, 17000L, 17100L, 17100L, 
17050L, 17100L, 17200L, 17250L, 17350L, 17150L, 17300L, 17350L, 
17400L, 17450L, 17550L, 17700L, 17800L, 17900L, 17850L, 17900L, 
18100L, 17700L, 17700L, 17750L, 17800L, 17900L, 18100L, 18000L, 
18200L, 18150L, 18200L, 18350L, 18550L, 18200L, 18200L, 18350L, 
18350L, 18450L, 18550L, 18600L, 18700L, 18800L, 18800L, 18950L, 
19100L, 18750L, 18800L, 18850L, 18800L, 18850L, 18850L, 18850L, 
18800L, 18750L, 18700L, 18600L, 18650L, 18250L, 18100L, 18000L, 
17900L, 17800L, 17750L, 17700L, 17650L, 17600L, 17650L, 17700L, 
17750L, 17500L, 17500L, 17600L, 17600L, 17600L, 17600L, 17700L, 
17700L, 17600L, 17700L, 17700L, 17800L, 17400L, 17300L, 17300L, 
17400L, 17400L, 17400L, 17500L, 17500L, 17500L, 17600L, 17600L, 
17800L, 17500L, 17500L, 17600L, 17500L, 17500L, 17600L, 17600L, 
17700L, 17700L, 17900L, 18100L, 18100L, 18000L, 17900L, 18200L, 
18100L, 18200L, 17800L, 17800L, 18000L, 66600L, 66500L, 66500L, 
66100L, 66400L, 67300L, 67900L, 67400L, 67100L, 67500L, 69000L, 
70200L, 68300L, 67500L, 67200L, 66100L, 66300L, 66800L, 67600L, 
67200L, 66900L, 67000L, 68400L, 70300L, 68400L, 67700L, 67900L, 
67100L, 67200L, 67600L, 68100L, 67400L, 67400L, 67100L, 68000L, 
70000L, 66300L, 66100L, 66200L, 66500L, 66500L, 67800L, 68400L, 
67500L, 67000L, 67000L, 68500L, 70800L, 67300L, 66200L, 66200L, 
66000L, 66000L, 66300L, 67000L, 67000L, 66900L, 67700L, 70200L, 
72100L, 68800L, 67800L, 67900L, 66900L, 67400L, 68000L, 68600L, 
68800L, 68500L, 68800L, 70300L, 72100L, 69000L, 68100L, 68000L, 
67100L, 67100L, 67500L, 67600L, 67200L, 67100L, 66000L, 68000L, 
69800L, 67900L, 67200L, 67300L, 66600L, 66000L, 66100L, 65700L, 
65400L, 65400L, 65400L, 66400L, 67700L, 65600L, 64700L, 64200L, 
63700L, 63600L, 63800L, 63700L, 63600L, 64000L, 63900L, 65500L, 
