mkauaiRate <-
structure(c(26400, 26200, 26100, 25950, 25800, 26150, 26300, 
26200, 25550, 25800, 26350, 26500, 27300, 27200, 27550, 27750, 
27950, 28600, 29100, 28500, 28500, 28050, 28000, 28050, 28650, 
28600, 28600, 28800, 28800, 29450, 29350, 29100, 28100, 29700, 
29350, 28550, 28650, 28150, 28250, 27950, 27900, 28350, 28900, 
28200, 27700, 27950, 28200, 27900, 28500, 28300, 28350, 28350, 
28300, 28600, 29150, 28850, 28650, 28300, 28750, 28550, 28900, 
28400, 28450, 28600, 28450, 29000, 29700, 29250, 29100, 28750, 
29100, 28800, 29150, 28900, 28900, 28950, 28600, 29100, 29500, 
29150, 29000, 28700, 29250, 29100, 29000, 28400, 28500, 28850, 
28550, 29100, 29650, 29200, 28800, 28200, 28550, 29000, 28650, 
28400, 29250, 28700, 28800, 29550, 29900, 29400, 28950, 28650, 
28850, 29300, 29750, 29200, 29200, 29100, 29350, 29400, 30000, 
30050, 29250, 29250, 29550, 29850, 30850, 30550, 30600, 30700, 
30400, 30400, 30950, 30450, 29800, 29900, 29950, 29800, 30650, 
30200, 30200, 30850, 30350, 30600, 31000, 30550, 30350, 30300, 
30350, 30300, 30200, 29850, 29950, 30500, 30150, 30200, 31150, 
30850, 30600, 30350, 30400, 30300, 31050, 30900, 30950, 31300, 
30900, 31350, 32050, 31650, 31450, 31250, 31400, 31450, 31300, 
30950, 31200, 31800, 31500, 31750, 32400, 32100, 31650, 31300, 
31500, 31450, 31750, 31350, 31400, 31600, 31350, 32000, 32900, 
32550, 32400, 31950, 31850, 31700, 32000, 31600, 31650, 32000, 
31750, 32400, 32900, 32700, 32250, 32400, 32750, 32450, 32600, 
32350, 32350, 32650, 32250, 32750, 33350, 32900, 32600, 32300, 
32650, 32600, 32900, 32650, 32800, 33150, 32650, 33000, 33750, 
33250, 32800, 32300, 32550, 32450, 32450, 32100, 31950, 32300, 
32100, 32450, 33000, 32600, 32050, 31850, 31850, 31750, 32150, 
32150, 32400, 32750, 32700, 33250, 33700, 33900, 33300, 32550, 
33200, 32750, 33550, 33200, 33250, 33550, 33450, 33750, 34000, 
33900, 33300, 32750, 32600, 32500, 32950, 32650, 32600, 32650, 
32650, 33150, 33350, 33100, 32550, 32350, 32350, 32100, 32700, 
32000, 32050, 32400, 32400, 33150, 33100, 32650, 32350, 31700, 
32100, 32000, 32350, 32050, 32100, 25400, 25300, 25050, 24900, 
24850, 25000, 25250, 25300, 24600, 25050, 25650, 25850, 26350, 
26300, 26450, 26750, 26950, 27100, 27800, 27350, 27200, 26900, 
26700, 26800, 27150, 26800, 26800, 27000, 26850, 26900, 27200, 
27150, 26350, 23400, 23800, 24250, 23750, 23650, 24000, 24250, 
24400, 24350, 25150, 24900, 24550, 24950, 25100, 25050, 24750, 
24550, 24550, 24750, 24800, 24800, 25550, 25400, 25150, 25000, 
25600, 25650, 25800, 25450, 25400, 25350, 25400, 25600, 26500, 
26200, 25850, 25750, 26050, 25900, 25650, 25650, 25550, 25700, 
25450, 25550, 26100, 26150, 25950, 25650, 25700, 25850, 25500, 
25400, 25500, 26000, 25800, 25850, 26650, 26150, 25850, 25600, 
26000, 26000, 26150, 26000, 26000, 26350, 26250, 26450, 27100, 
26750, 26300, 26300, 26500, 26800, 27400, 27050, 27100, 27250, 
27400, 27300, 28050, 28050, 27200, 27400, 27700, 27750, 29300, 
29200, 29300, 29450, 29150, 28950, 29450, 29000, 28400, 28600, 
28700, 28500, 29150, 28850, 28700, 29100, 29000, 28950, 29450, 
29100, 28900, 28700, 28700, 28650, 28550, 28350, 28500, 29150, 
28750, 28750, 29800, 29600, 29350, 29250, 29250, 29200, 29850, 
29800, 29700, 29950, 29700, 29800, 30650, 30400, 30150, 30100, 
30250, 30400, 30200, 29850, 30150, 30800, 30450, 30500, 31250, 
31050, 30600, 30300, 30400, 30550, 30800, 30450, 30550, 30750, 
30550, 30950, 31950, 31750, 31500, 31200, 31000, 30950, 31250, 
30850, 30750, 31150, 30950, 31450, 31950, 31800, 31450, 31700, 
32050, 31950, 31750, 31650, 31600, 31950, 31550, 31750, 32450, 
32050, 31700, 31450, 31650, 31600, 31900, 31700, 31750, 32100, 
31500, 31450, 32250, 31700, 31150, 30400, 30350, 29900, 29550, 
29150, 28800, 29300, 28950, 29100, 29850, 29600, 29050, 29050, 
29100, 28950, 29250, 29250, 29450, 29900, 29950, 30250, 30800, 
31050, 30300, 29750, 30200, 30050, 30650, 30350, 30400, 30850, 
30550, 30550, 31000, 31000, 30400, 30000, 29850, 30000, 30300, 
30100, 30050, 30250, 30200, 30450, 30850, 30850, 30350, 30300, 
30350, 30200, 30700, 30050, 30200, 30650, 30650, 31100, 31250, 
30900, 30500, 29850, 30300, 30300, 30600, 30250, 30400, 1050, 
950, 1000, 1050, 950, 1150, 1100, 850, 1000, 750, 700, 700, 950, 
900, 1100, 1050, 1000, 1500, 1300, 1150, 1300, 1150, 1300, 1250, 
1500, 1800, 1800, 1800, 1950, 2550, 2150, 1950, 1750, 6250, 5600, 
4300, 4850, 4500, 4250, 3700, 3500, 4050, 3700, 3250, 3150, 3000, 
3100, 2850, 3700, 3700, 3800, 3600, 3500, 3750, 3600, 3400, 3500, 
3300, 3150, 2900, 3100, 2950, 3050, 3250, 3050, 3350, 3200, 3050, 
3250, 3050, 3100, 2900, 3500, 3300, 3350, 3250, 3150, 3550, 3350, 
3000, 3050, 3050, 3550, 3200, 3500, 3000, 3000, 2900, 2750, 3250, 
3000, 3050, 2950, 2600, 2550, 3000, 2500, 2400, 3250, 2350, 2500, 
3050, 2750, 2650, 2650, 2350, 2300, 2500, 2350, 2150, 2150, 1850, 
1950, 2100, 1950, 2000, 2050, 1850, 1850, 2050, 1550, 1350, 1300, 
1250, 1300, 1500, 1500, 1450, 1400, 1300, 1250, 1300, 1500, 1350, 
1500, 1700, 1350, 1650, 1550, 1450, 1450, 1600, 1650, 1650, 1650, 
1450, 1450, 1350, 1400, 1450, 1350, 1250, 1200, 1100, 1200, 1100, 
1200, 1150, 1250, 1350, 1200, 1550, 1350, 1250, 1300, 1100, 1150, 
1050, 1150, 1100, 1050, 1000, 1000, 1250, 1100, 1050, 1050, 950, 
1100, 850, 900, 900, 850, 850, 800, 1050, 950, 850, 900, 750, 
850, 750, 750, 750, 950, 800, 750, 950, 950, 850, 750, 700, 700, 
500, 800, 700, 750, 700, 700, 1000, 950, 800, 900, 800, 1000, 
1000, 1000, 950, 1050, 1050, 1150, 1500, 1500, 1500, 1650, 1900, 
2200, 2550, 2900, 2950, 3150, 3000, 3150, 3400, 3150, 3000, 3000, 
2800, 2750, 2800, 2900, 2900, 2950, 2850, 2750, 3050, 2900, 2900, 
3000, 2800, 3000, 2700, 2900, 2850, 2850, 2700, 2900, 3200, 3000, 
2900, 2850, 2750, 2750, 2500, 2650, 2600, 2550, 2350, 2450, 2700, 
2500, 2250, 2200, 2050, 2000, 1850, 2000, 1950, 1850, 1800, 1750, 
2050, 1850, 1750, 1850, 1850, 1850, 1650, 1750, 1800, 1700, 3.9, 
3.6, 3.9, 4, 3.7, 4.4, 4.1, 3.3, 3.8, 3, 2.7, 2.6, 3.5, 3.3, 
3.9, 3.7, 3.6, 5.2, 4.5, 4.1, 4.6, 4.1, 4.6, 4.4, 5.3, 6.3, 6.3, 
6.3, 6.8, 8.7, 7.3, 6.8, 6.2, 21.1, 19, 15.1, 17, 15.9, 15.1, 
13.2, 12.5, 14.2, 12.9, 11.6, 11.3, 10.8, 10.9, 10.2, 13.1, 13.1, 
13.4, 12.7, 12.3, 13.2, 12.3, 11.9, 12.3, 11.6, 11, 10.2, 10.7, 
10.3, 10.7, 11.3, 10.7, 11.6, 10.8, 10.4, 11.1, 10.6, 10.6, 10, 
12, 11.3, 11.6, 11.3, 11, 12.2, 11.4, 10.3, 10.6, 10.6, 12.1, 
11.1, 12.1, 10.5, 10.6, 10, 9.6, 11.1, 10.1, 10.4, 10.2, 9.2, 
8.9, 10.3, 8.8, 8.4, 11.1, 8.2, 8.7, 10.4, 9.2, 9, 9.1, 8.2, 
8, 8.5, 7.8, 7.3, 7.3, 6.3, 6.7, 7.2, 6.6, 6.6, 7, 6.4, 6.2, 
6.9, 5, 4.5, 4.3, 4.1, 4.2, 4.9, 4.8, 4.7, 4.7, 4.3, 4.1, 4.4, 
4.9, 4.4, 4.9, 5.6, 4.5, 5.4, 5, 4.8, 4.8, 5.3, 5.5, 5.5, 5.4, 
4.9, 4.9, 4.5, 4.6, 4.8, 4.3, 4, 4, 3.6, 3.9, 3.7, 3.9, 3.6, 
4, 4.3, 3.8, 5, 4.2, 3.9, 4.1, 3.6, 3.7, 3.4, 3.6, 3.5, 3.4, 
3.2, 3.3, 4, 3.4, 3.2, 3.4, 3.1, 3.5, 2.7, 2.9, 2.9, 2.7, 2.7, 
2.6, 3.3, 2.8, 2.6, 2.8, 2.4, 2.7, 2.3, 2.3, 2.4, 2.9, 2.6, 2.4, 
3, 2.8, 2.6, 2.4, 2.1, 2.1, 1.6, 2.5, 2.2, 2.3, 2.2, 2.2, 3, 
2.8, 2.5, 2.8, 2.6, 3, 3.1, 3.1, 2.9, 3.2, 3.2, 3.6, 4.6, 4.4, 
4.6, 5, 5.9, 6.8, 7.9, 9, 9.2, 9.9, 9.3, 9.8, 10.4, 9.6, 9.3, 
9.3, 8.8, 8.7, 8.8, 9, 9, 9, 8.7, 8.5, 9.1, 8.6, 8.5, 9.1, 8.6, 
9, 8.2, 8.7, 8.5, 8.5, 8, 8.7, 9.5, 8.8, 8.6, 8.6, 8.3, 8.4, 
7.7, 8, 7.9, 7.8, 7.3, 7.5, 8.2, 7.4, 6.8, 6.7, 6.3, 6.2, 5.8, 
6.1, 6, 5.8, 5.5, 5.4, 6.1, 5.5, 5.4, 5.7, 5.8, 5.7, 5.2, 5.4, 
5.6, 5.3), .Dim = c(291L, 4L), .Dimnames = list(NULL, c("labor", 
"emp", "unemp", "unempRate")), .Tsp = c(1990, 2014.16666666667, 
12), class = c("mts", "ts", "matrix"))
