mmauiRate <-
structure(c(55750, 55600, 56000, 56900, 56950, 59150, 59650, 
58950, 57700, 57300, 57000, 56550, 57550, 57900, 58250, 58950, 
58800, 61150, 61800, 62300, 62150, 61550, 62250, 61800, 63050, 
62800, 63100, 63750, 64200, 66250, 67500, 66600, 65100, 64600, 
65550, 65350, 64850, 64750, 65150, 65150, 65300, 66800, 67650, 
66900, 65300, 64500, 65400, 64550, 66100, 65400, 65400, 65800, 
65650, 66350, 68400, 67600, 66350, 66100, 66650, 66300, 67650, 
66300, 66450, 67300, 66650, 67800, 69250, 68250, 67100, 66550, 
66700, 66800, 67750, 66900, 67600, 68050, 67350, 68050, 70400, 
69400, 68450, 68300, 68750, 69150, 69800, 69600, 70100, 70350, 
69350, 70150, 71850, 70850, 69950, 69050, 69200, 69200, 69850, 
69600, 70350, 70600, 70650, 72000, 73850, 72600, 71050, 70550, 
70700, 71200, 73000, 72550, 73000, 72350, 72200, 72900, 74550, 
73600, 73250, 72650, 73100, 73400, 71500, 70950, 71850, 71700, 
70650, 71200, 72150, 71650, 70650, 70950, 71150, 71400, 73250, 
72600, 73000, 73750, 73050, 73500, 74650, 73750, 72750, 72250, 
72900, 73150, 73350, 72400, 72550, 73250, 71600, 72200, 73850, 
73200, 72100, 70950, 71150, 71000, 72950, 72400, 72250, 73100, 
72050, 73150, 74400, 73600, 72800, 71750, 72700, 72950, 74400, 
73800, 74300, 74400, 73700, 74350, 75950, 75150, 74200, 73400, 
73750, 73700, 74400, 74000, 74200, 75000, 74350, 75700, 76750, 
75800, 75500, 74600, 74950, 75050, 75850, 75300, 75350, 76150, 
75500, 76950, 78300, 77900, 76600, 76450, 77200, 77550, 78650, 
77800, 78000, 78700, 77900, 79350, 80100, 78700, 77950, 76800, 
77700, 77800, 79300, 78650, 78800, 80000, 79200, 80200, 80950, 
79550, 78000, 76800, 76550, 76250, 76800, 76050, 76250, 76900, 
76450, 77600, 78350, 77650, 76700, 75150, 75650, 75400, 76000, 
75950, 76350, 76900, 76150, 77250, 78000, 78250, 76650, 75750, 
77150, 76450, 78550, 78000, 78500, 78550, 78100, 78900, 79300, 
79050, 77450, 77050, 77200, 77100, 78100, 77000, 77150, 77650, 
77300, 78450, 78900, 78100, 77100, 76650, 76900, 76750, 78400, 
76550, 76500, 77400, 76950, 78300, 78600, 78450, 77600, 76300, 
77550, 77450, 78750, 77750, 78700, 53500, 53550, 53850, 54750, 
54600, 55800, 56950, 56550, 54800, 54950, 54650, 54700, 55200, 
55250, 55700, 56450, 55950, 57000, 58050, 58800, 58050, 58100, 
58500, 58200, 58900, 58400, 58500, 59300, 59000, 59750, 61450, 
60800, 59150, 59650, 60000, 60450, 60850, 60900, 61350, 61800, 
62050, 62900, 63950, 63500, 61850, 61300, 62150, 61550, 62150, 
61750, 61650, 62100, 62100, 62100, 64150, 63650, 62300, 62350, 
62950, 62800, 63250, 62350, 62350, 62850, 62100, 62400, 64100, 
63350, 62050, 61950, 62250, 62500, 62800, 62450, 63000, 63500, 
63050, 63300, 65650, 64950, 63700, 63900, 64050, 64500, 64800, 
65000, 65500, 65350, 64600, 64650, 66700, 66250, 64950, 64750, 
65000, 64950, 65550, 65300, 65850, 66600, 66400, 66900, 69000, 
68100, 66250, 66350, 66800, 67400, 69000, 68650, 69050, 68750, 
68650, 68700, 70700, 69900, 69150, 69200, 69850, 70350, 68650, 
68200, 69200, 69200, 68050, 68200, 69400, 68950, 68000, 68550, 
68850, 69200, 70800, 70150, 70450, 71050, 70550, 70400, 71850, 
71050, 69900, 68600, 69150, 69450, 70000, 69350, 69500, 70300, 
69000, 69050, 70950, 70500, 69300, 68500, 68550, 68750, 70450, 
70050, 69700, 70500, 69400, 69800, 71350, 70700, 69750, 69100, 
69950, 70600, 71950, 71450, 71850, 72000, 71500, 71600, 73500, 
72900, 72050, 71350, 71650, 71950, 72500, 72100, 72350, 73100, 
72600, 73400, 74700, 73800, 73300, 72700, 72850, 73400, 74100, 
73500, 73500, 74200, 73650, 74650, 76250, 76100, 74800, 74900, 
75500, 76250, 76900, 76100, 76250, 77000, 76250, 77100, 77650, 
76200, 75050, 74250, 75000, 75150, 76800, 76100, 76100, 77300, 
76300, 76500, 77300, 75650, 73650, 72350, 71700, 70950, 71000, 
70000, 69650, 70600, 69800, 70300, 71300, 70700, 69500, 68450, 
68850, 68700, 69150, 69350, 69550, 70500, 69800, 70400, 71500, 
71800, 70100, 69600, 70550, 70350, 72200, 71850, 72350, 72800, 
72300, 72250, 73150, 73050, 71300, 71250, 71450, 71700, 72700, 
71700, 71900, 72900, 72500, 72900, 73850, 73450, 72600, 72400, 
72650, 72850, 74200, 72500, 72550, 73700, 73200, 73900, 74550, 
74550, 73450, 72300, 73600, 73850, 74850, 73800, 74850, 2250, 
2050, 2150, 2150, 2350, 3300, 2750, 2450, 2950, 2350, 2350, 1900, 
2400, 2600, 2550, 2450, 2850, 4150, 3700, 3500, 4150, 3450, 3800, 
3600, 4150, 4450, 4600, 4400, 5200, 6450, 6050, 5800, 5950, 5000, 
5550, 4900, 4000, 3850, 3800, 3350, 3250, 3850, 3700, 3450, 3450, 
3250, 3250, 3000, 4000, 3600, 3750, 3700, 3550, 4250, 4250, 3950, 
4050, 3750, 3700, 3500, 4400, 3950, 4050, 4450, 4600, 5400, 5150, 
4900, 5050, 4600, 4450, 4250, 4950, 4450, 4600, 4550, 4300, 4750, 
4750, 4450, 4750, 4400, 4700, 4600, 5000, 4600, 4600, 5000, 4750, 
5500, 5150, 4600, 4950, 4300, 4150, 4250, 4350, 4300, 4500, 4000, 
4250, 5100, 4850, 4500, 4750, 4200, 3900, 3800, 4000, 3900, 3950, 
3550, 3550, 4200, 3850, 3700, 4050, 3450, 3300, 3050, 2850, 2700, 
2700, 2550, 2600, 3000, 2750, 2700, 2700, 2400, 2300, 2200, 2450, 
2450, 2550, 2700, 2450, 3100, 2800, 2700, 2900, 3650, 3750, 3750, 
3400, 3050, 3050, 2950, 2600, 3150, 2900, 2700, 2800, 2450, 2550, 
2250, 2500, 2350, 2550, 2600, 2600, 3350, 3050, 2900, 3000, 2650, 
2750, 2350, 2450, 2300, 2450, 2400, 2200, 2800, 2400, 2250, 2150, 
2050, 2150, 1800, 1900, 1900, 1850, 1850, 1750, 2250, 2050, 2000, 
2200, 1850, 2100, 1650, 1800, 1750, 1850, 1900, 1850, 2350, 2100, 
1800, 1800, 1500, 1700, 1300, 1700, 1700, 1700, 1700, 1650, 2250, 
2450, 2500, 2900, 2550, 2750, 2700, 2550, 2550, 2700, 2700, 2900, 
3700, 3650, 3900, 4350, 4450, 4850, 5300, 5800, 6050, 6600, 6350, 
6700, 7300, 7050, 7000, 7200, 6700, 6800, 6700, 6850, 6550, 6800, 
6450, 6350, 6900, 6550, 6500, 6550, 6150, 6600, 6050, 6350, 6150, 
6150, 5750, 5800, 6600, 6150, 5950, 6150, 5850, 5750, 5350, 5400, 
5250, 5250, 4750, 4850, 5550, 5050, 4650, 4550, 4250, 4250, 3850, 
4200, 4050, 3950, 3700, 3750, 4400, 4050, 3900, 4150, 4050, 3950, 
3600, 3900, 3950, 3800, 4, 3.7, 3.8, 3.8, 4.1, 5.6, 4.6, 4.1, 
5.1, 4.1, 4.1, 3.3, 4.1, 4.5, 4.4, 4.2, 4.8, 6.8, 6, 5.6, 6.6, 
5.6, 6.1, 5.8, 6.6, 7.1, 7.3, 6.9, 8.1, 9.8, 9, 8.7, 9.1, 7.7, 
8.5, 7.5, 6.2, 5.9, 5.8, 5.1, 5, 5.8, 5.5, 5.1, 5.3, 5, 5, 4.6, 
6, 5.5, 5.7, 5.6, 5.4, 6.4, 6.2, 5.9, 6.1, 5.7, 5.6, 5.3, 6.5, 
6, 6.1, 6.6, 6.9, 8, 7.4, 7.2, 7.6, 6.9, 6.7, 6.4, 7.3, 6.7, 
6.8, 6.7, 6.4, 7, 6.8, 6.4, 6.9, 6.4, 6.8, 6.7, 7.2, 6.6, 6.6, 
7.1, 6.8, 7.8, 7.2, 6.5, 7.1, 6.2, 6, 6.2, 6.2, 6.2, 6.4, 5.7, 
6, 7.1, 6.6, 6.2, 6.7, 6, 5.5, 5.3, 5.5, 5.4, 5.4, 4.9, 4.9, 
5.8, 5.2, 5, 5.6, 4.7, 4.5, 4.2, 4, 3.8, 3.7, 3.5, 3.7, 4.2, 
3.8, 3.8, 3.8, 3.4, 3.2, 3.1, 3.3, 3.4, 3.5, 3.6, 3.4, 4.2, 3.8, 
3.7, 4, 5.1, 5.1, 5.1, 4.6, 4.2, 4.2, 4, 3.7, 4.4, 3.9, 3.7, 
3.9, 3.5, 3.6, 3.2, 3.4, 3.3, 3.5, 3.6, 3.6, 4.6, 4.1, 3.9, 4.2, 
3.7, 3.8, 3.2, 3.3, 3.1, 3.3, 3.2, 3, 3.7, 3.2, 3, 2.9, 2.8, 
2.9, 2.4, 2.5, 2.5, 2.5, 2.5, 2.4, 3, 2.7, 2.6, 2.9, 2.5, 2.8, 
2.2, 2.4, 2.4, 2.5, 2.5, 2.5, 3, 2.7, 2.3, 2.3, 2, 2.2, 1.7, 
2.2, 2.2, 2.2, 2.1, 2.1, 2.8, 3.1, 3.2, 3.7, 3.3, 3.5, 3.4, 3.2, 
3.2, 3.4, 3.4, 3.6, 4.6, 4.5, 4.9, 5.6, 5.8, 6.3, 7, 7.6, 8, 
8.7, 8.2, 8.7, 9.4, 9, 9, 9.4, 8.9, 9, 8.9, 9, 8.7, 8.9, 8.4, 
8.4, 8.9, 8.4, 8.3, 8.6, 8.1, 8.6, 7.9, 8.1, 7.9, 7.8, 7.3, 7.5, 
8.4, 7.8, 7.5, 7.9, 7.6, 7.5, 7, 6.9, 6.8, 6.8, 6.1, 6.3, 7.1, 
6.4, 5.9, 5.9, 5.5, 5.5, 5, 5.4, 5.3, 5.2, 4.8, 4.9, 5.6, 5.1, 
5, 5.3, 5.3, 5.1, 4.7, 5, 5.1, 4.9), .Dim = c(291L, 4L), .Dimnames = list(
    NULL, c("labor", "emp", "unemp", "unempRate")), .Tsp = c(1990, 
2014.16666666667, 12), class = c("mts", "ts", "matrix"))
