oahutransport <-
structure(c(470, 501, 508, 523, 524, 525, 525, 525, 529, 525, 
525, 536, 496, 499, 524, 528, 530, 530, 516, 515, 18120044, 18396694, 
19031466, 19090912, 19452526, 19665805, 19639602, 20359607, 21710838, 
21800354, 21482533, 19380256, 21558149, 21166957, 21075502, 21536584, 
21502920, 21324615, 21378394, 21233308, 76136390, 77338147, 72745086, 
68923459, 68634884, 71822553, 66236147, 66602820, 70384025, 73524474, 
69100627, 61297980, 67406827, 70384355, 71749376, 69759954, 77329706, 
73158633, 73832127, 76296482, 19837616, 23897154, 25058736, 30420976, 
29804091, 29197402, 27819265, 27055656, 26963518, 30602648, 30114566, 
33652238, 39925419, 41531437, 41742352, 41984132, 42454923, 45874670, 
51721436, 54774006), .Dim = c(20L, 4L), .Dimnames = list(NULL, 
    c("buses", "mileage", "passengers", "revenues")), .Tsp = c(1993, 
2012, 1), class = c("mts", "ts", "matrix"))
