openData <-
structure(c(" 16", "145", "283", "302", " 17", " 56", "171", 
"189", "239", "679", "837", "905", "April-June", "July-September", 
"October-December", "January-March", " 60", " 85", "138", " 19", 
" 17", " 39", "115", " 18", "239", "440", "158", " 68"), .Dim = c(4L, 
7L), .Dimnames = list(NULL, c("charts", "maps", "datasets", "months", 
"cAdded", "mAdded", "dAdded")), .Tsp = c(2012.25, 2013, 4), class = c("mts", 
"ts", "matrix"))
