outreachprog <-
structure(list(island = structure(c(4L, 4L, 4L, 4L, 4L, 4L, 4L, 
4L, 4L, 4L, 4L, 4L, 4L, 4L, 4L, 4L, 4L, 4L, 4L, 4L, 4L, 4L, 4L, 
4L, 1L, 1L, 1L, 1L, 1L, 1L, 1L, 1L, 1L, 1L, 1L, 1L, 2L, 2L, 2L, 
2L, 2L, 2L, 3L, 3L, 3L, 3L, 3L, 3L, 3L, 3L), .Label = c("Hawaii", 
"Kauai", "Maui", "Oahu"), class = "factor"), library = structure(c(1L, 
2L, 3L, 6L, 9L, 10L, 12L, 14L, 15L, 16L, 18L, 26L, 28L, 30L, 
31L, 32L, 39L, 41L, 43L, 44L, 45L, 46L, 48L, 50L, 7L, 8L, 13L, 
19L, 20L, 25L, 34L, 35L, 36L, 37L, 38L, 42L, 5L, 17L, 22L, 27L, 
40L, 49L, 4L, 11L, 21L, 23L, 24L, 29L, 33L, 47L), .Label = c("Aiea", 
"Aina Haina", "Ewa Beach", "Hana", "Hanapepe", "Hawaii Kai", 
"Hilo", "Honokaa", "HSL", "Kahuku", "Kahului", "Kailua", "Kailua/Kona", 
"Kaimuki", "Kalihi", "Kaneohe ", "Kapaa", "Kapolei ", "Keaau", 
"Kealakekua", "Kihei", "Koloa ", "Lahaina", "Lanai", "Laupahoehoe", 
"LBPH ", "Lihue ", "Liliha ", "Makawao", "Manoa", "McCully   ", 
"Mililani  ", "Molokai ", "Mt View", "Naalehu", "North Kohala*", 
"Pahala", "Pahoa", "Pearl City ", "Princeville ", "Salt Lake", 
"T. Parker", "Wahiawa ", "Waialua ", "Waianae", "Waikiki ", "Wailuku  ", 
"Waimanalo", "Waimea", "Waipahu "), class = "factor"), outreach09 = c(51L, 
12L, 23L, 9L, 103L, 45L, 9L, 11L, 166L, 17L, 36L, 20L, 34L, 4L, 
33L, 8L, 29L, 41L, 12L, 15L, 45L, 10L, 20L, 7L, 12L, 1L, 11L, 
0L, 1L, 0L, 0L, 0L, 55L, 1L, 0L, 21L, 3L, 1L, 0L, 19L, 2L, 9L, 
3L, 16L, 122L, 12L, 10L, 20L, 52L, 21L), attend09 = c(1386L, 
899L, 3175L, 193L, 9377L, 926L, 153L, 420L, 6744L, 1077L, 1040L, 
1249L, 2007L, 110L, 1570L, 261L, 889L, 2359L, 945L, 2736L, 2531L, 
242L, 804L, 322L, 2251L, 23L, 1749L, 0L, 30L, 0L, 0L, 0L, 2775L, 
14L, 0L, 512L, 87L, 43L, 0L, 608L, 44L, 436L, 61L, 1439L, 3774L, 
217L, 276L, 956L, 2793L, 1970L), outreach10 = c(21L, 4L, 0L, 
12L, 70L, 50L, 12L, 12L, 17L, 2L, 9L, 23L, 8L, 13L, 30L, 3L, 
33L, 22L, 0L, 1L, 15L, 5L, 4L, 3L, 1L, 1L, 10L, 0L, 9L, 10L, 
0L, 0L, 38L, 0L, 4L, 21L, 4L, 0L, 0L, 3L, 0L, 4L, 2L, 0L, 21L, 
0L, 13L, 8L, 40L, 10L), attend10 = c(1797L, 1329L, 0L, 343L, 
6655L, 1231L, 1495L, 279L, 512L, 42L, 238L, 1372L, 2664L, 157L, 
1945L, 747L, 815L, 597L, 0L, 1140L, 2972L, 1351L, 86L, 62L, 50L, 
16L, 140L, 0L, 505L, 103L, 0L, 0L, 3021L, 0L, 0L, 340L, 563L, 
0L, 0L, 140L, 0L, 67L, 365L, 0L, 1443L, 0L, 252L, 327L, 3519L, 
590L), outreach11 = c(19L, 6L, 9L, 13L, 74L, 55L, 5L, 6L, 97L, 
13L, 6L, 28L, 16L, 1L, 25L, 2L, 10L, 17L, 9L, 4L, 0L, 16L, 0L, 
4L, 3L, 0L, 7L, 1L, 2L, 1L, 3L, 0L, 53L, 0L, 0L, 124L, 3L, 1L, 
0L, 9L, 2L, 2L, 0L, 0L, 3L, 0L, 11L, 8L, 42L, 28L), attend11 = c(510L, 
304L, 222L, 408L, 7680L, 748L, 204L, 145L, 2313L, 861L, 132L, 
2120L, 416L, 100L, 2309L, 35L, 1007L, 510L, 300L, 1354L, 0L, 
379L, 0L, 725L, 465L, 0L, 206L, 65L, 72L, 0L, 45L, 0L, 4341L, 
0L, 0L, 231L, 106L, 25L, 0L, 127L, 25L, 30L, 0L, 0L, 376L, 0L, 
240L, 314L, 2726L, 1133L)), .Names = c("island", "library", "outreach09", 
"attend09", "outreach10", "attend10", "outreach11", "attend11"
), class = "data.frame", row.names = c(NA, -50L))
