resPop <-
structure(c(1213519L, 1225948L, 1239613L, 1251154L, 876629L, 
882755L, 890473L, 894311L, 149244L, 151690L, 154576L, 158442L, 
58568L, 59075L, 59981L, 60805L, 129078L, 132428L, 134583L, 137596L
), .Dim = 4:5, .Dimnames = list(NULL, c("Total", "Honolulu", 
"Hawaii", "Kauai", "Maui")), .Tsp = c(2010, 2013, 1), class = c("mts", 
"ts", "matrix"))
