sanitation <-
structure(c(26, 52, 78, 104, 130, 23, 31, 28, 27, NA, 0.88, 0.6, 
0.36, 0.26, NA), .Dim = c(5L, 3L), .Dimnames = list(NULL, c("surveyed", 
"completed", "perSurveyed")), .Tsp = c(2007, 2011, 1), class = c("mts", 
"ts", "matrix"))
