solidWaste <-
structure(c(2116724, 2227124, 2526134, 2617350, 2532370, 1427904, 
1425752, 1733889, 1778009, 1629397, 688820, 801373, 792245, 839341, 
902973, 0.33, 0.36, 0.31, 0.32, 0.36), .Dim = c(5L, 4L), .Dimnames = list(
    NULL, c("prod", "disp", "divert", "perDivert")), .Tsp = c(2004, 
2008, 1), class = c("mts", "ts", "matrix"))
