stateBDMC <-
structure(c(1570L, 1449L, 1585L, 1525L, 1560L, 1556L, 1624L, 
892L, 898L, 911L, 913L, 913L, 845L, 798L, 1384L, 1752L, 1876L, 
1924L, 2339L, 2153L, 2014L, 116L, 80L, 53L, 54L, 51L, 66L, 55L
), .Dim = c(7L, 4L), .Dimnames = list(NULL, c("birth", "deaths", 
"mar", "union")), .Tsp = c(1, 1.5, 12), class = c("mts", "ts", 
"matrix"))
