tobacco <-
structure(c(8393011.8, 560341.23, 81273.32, 23301.63, 0, 40, 
2880, 18115.86, 134057.33, 1117748.31, 419382.07, 278984.18, 
419382.07, 923856, 957.92, 4201.89, 0, 0, 0, 220, 1858.03, 13749.44, 
114640.55, 43013.43, 28613.69, 43013.43, 972480, 655.2, 1139.83, 
0, 0, 0, 180, 1948.55, 14419.27, 120225.54, 45108.93, 30007.67, 
45108.93, 243120, 0, 7005.19, 719.04, 0, 0, 40, 501.69, 3712.5, 
30954.17, 11614.09, 7726, 11614.09, 10532467.8, 561954.35, 93620.23, 
24020.67, 0, 40, 3320, 22424.13, 165938.54, 1383568.57, 519118.52, 
345331.54, 519118.52, 12595487, 432379.41, 101049.71, 19320.32, 
0, 22.5, 2420, 26296.47, 194593.9, 1622492.38, 608763.35, 404965.68, 
608763.35, 62563792.8, 2978403.71, 685292.62, 147934.44, 0, 225, 
27905, 132750.83, 982356.27, 8190727.27, 3073182.11, 2044363.07, 
3073182.11, 67224154.76, 3095626.79, 775153.56, 152182.36, 0, 
312.5, 27310, 136254.47, 1019284.9, 8495672.38, 3186206.35, 2123260.68, 
3186206.35), .Dim = c(13L, 8L), .Dimnames = structure(list(Amount = c("Cigarettes", 
"Tobacco Products", "Cigars", "Little Cigars", "Penalties and Interest", 
"License Fees", "Retail Permits", "Cigarette Stamp Administrative Fund", 
"Cigarette Stamp Enforcement Fund", "Hawaii Cancer Research Fund", 
"Trauma System Fund", "Emergency Medical Service Fund", "Community Health Centers Fund"
), Duration = c("first", "second", "third", "fourth", "fifth", 
"sixth", "seventh", "eighth")), .Names = c("Amount", "Duration"
)), class = "table")
