TRI <-
structure(c(2311635L, 2254027L, 2266925L, 2277988L, 2228566L, 
176408L, 230678L, 156048L, 245556L, 343925L, 89734L, 174678L, 
143011L, 169076L, 147530L, 522217L, 358266L, 446948L, 549838L, 
222963L, 2736L, 4743L, 2670L, 3471L, 4477L, 3102730L, 3022392L, 
3015602L, 3245929L, 2947461L), .Dim = 5:6, .Dimnames = list(NULL, 
    c("emissions", "transfers", "land", "water", "inject", "tot"
    )), .Tsp = c(2005, 2009, 1), class = c("mts", "ts", "matrix"
))
