unemployment <-
structure(c(406000, 406700, 407650, 408650, 409650, 410550, 411250, 
411650, 411950, 412250, 412600, 413050, 413650, 414450, 415250, 
416000, 416700, 417500, 418500, 419800, 421000, 421900, 422150, 
421600, 420450, 419050, 418200, 418250, 419250, 420850, 422700, 
424400, 425700, 426500, 426950, 427000, 426950, 426900, 427000, 
427600, 428650, 430000, 431400, 432750, 434050, 435200, 436200, 
437000, 437650, 438100, 438350, 438550, 438850, 439550, 440700, 
442100, 443550, 444900, 446100, 447200, 448200, 449250, 450250, 
451100, 451850, 452450, 453050, 453700, 454200, 454500, 454450, 
454200, 453950, 453950, 454400, 455300, 456650, 458150, 459700, 
461300, 462750, 464150, 465300, 466150, 466550, 466700, 467000, 
467850, 469450, 471500, 473600, 475250, 476150, 476200, 475700, 
475100, 474950, 475450, 476250, 477100, 477750, 478000, 477800, 
477350, 477050, 476950, 477150, 477500, 477850, 478300, 478850, 
479650, 480650, 481950, 483500, 485150, 486700, 488050, 489200, 
490000, 490550, 491050, 491750, 492650, 493750, 494800, 495700, 
496500, 497200, 497850, 498600, 499700, 501250, 503150, 505250, 
507450, 509500, 511500, 513400, 515100, 516650, 517800, 518500, 
518600, 518200, 517600, 517250, 517400, 518100, 519050, 519950, 
520650, 521100, 521450, 521900, 522450, 523150, 524050, 525100, 
526250, 527450, 528550, 529000, 528950, 529000, 529900, 532200, 
535950, 540650, 545350, 549500, 552450, 554150, 554750, 554650, 
554200, 553650, 553500, 554150, 555600, 557500, 559600, 561450, 
563000, 564350, 565450, 566200, 566650, 566850, 567050, 567450, 
568200, 569350, 570800, 572600, 574550, 576250, 577600, 578650, 
579500, 580150, 580700, 581150, 581550, 581850, 582100, 582400, 
582800, 583200, 583400, 583250, 582800, 582500, 582500, 582900, 
583650, 584400, 584850, 585000, 584900, 584800, 584800, 585100, 
585600, 586200, 586700, 587150, 587550, 588000, 588600, 589250, 
589850, 590200, 590200, 589850, 589200, 588500, 588000, 588050, 
588750, 590000, 591750, 593550, 595100, 596200, 596750, 597100, 
597550, 598150, 598850, 599550, 600150, 600550, 600750, 600900, 
601200, 601600, 602000, 602250, 602250, 601950, 601500, 601050, 
600750, 600800, 601200, 601650, 602200, 602750, 603400, 604050, 
604650, 605300, 605800, 606000, 606000, 605800, 605550, 605350, 
605150, 605000, 605050, 605300, 605750, 606450, 607350, 608450, 
609500, 610350, 610700, 610400, 609350, 607800, 606150, 604900, 
604350, 604700, 605850, 607600, 609550, 611300, 612550, 613100, 
612850, 612050, 611200, 610650, 610500, 610650, 612800, 616300, 
615400, 614050, 611650, 610050, 607300, 606400, 605750, 605400, 
605300, 605600, 606150, 606900, 607750, 608700, 609550, 610100, 
610200, 609800, 609300, 609150, 609550, 610350, 611450, 612600, 
613550, 614100, 614250, 614200, 614000, 613850, 613900, 614400, 
615300, 616550, 617900, 619100, 620150, 621000, 621800, 622550, 
623350, 624450, 625850, 627550, 629350, 631000, 632200, 633050, 
633450, 629400, 629800, 630300, 630850, 631400, 631950, 632900, 
634250, 635800, 637350, 638500, 638950, 640500, 639800, 638650, 
637250, 635800, 634700, 634200, 634500, 635650, 637250, 638950, 
640650, 641800, 643000, 644050, 644850, 645250, 645300, 645050, 
644500, 643800, 643050, 642100, 641000, 639800, 638950, 638300, 
637850, 637450, 637150, 636700, 636100, 635550, 635150, 635250, 
636000, 637550, 639600, 641700, 643650, 645250, 646600, 647950, 
649450, 651000, 652700, 654350, 655900, 657250, 658250, 658600, 
658100, 657100, 656100, 655450, 655250, 655350, 655350, 655000, 
654200, 653300, 652400, 651450, 650350, 649100, 648000, 647300, 
647050, 647400, 647800, 648000, 647800, 647400, 647150, 647050, 
647050, 647050, 647150, 647600, 648450, 649700, 651050, 652400, 
653700, 655800, 656500, 658450, 365600, 366800, 368300, 370050, 
371850, 373450, 374700, 375500, 376050, 376500, 377100, 377900, 
379100, 380700, 382550, 384400, 386000, 387250, 388050, 388600, 
389000, 389350, 389650, 389700, 389600, 389550, 389750, 390400, 
391550, 393000, 394600, 396100, 397450, 398600, 399600, 400450, 
401050, 401450, 401850, 402600, 403800, 405350, 407000, 408600, 
410200, 411750, 413300, 414800, 416250, 417400, 418050, 418300, 
418300, 418550, 419250, 420250, 421400, 422550, 423700, 424900, 
426050, 427050, 427950, 428700, 429250, 429700, 430100, 430400, 
430450, 430200, 429450, 428550, 427800, 427350, 427450, 428050, 
429100, 430550, 432150, 433800, 435300, 436500, 437250, 437600, 
437550, 437450, 437750, 438950, 440950, 443450, 445850, 447800, 
448850, 449200, 449000, 448700, 448800, 449500, 450500, 451550, 
452350, 452750, 452550, 451900, 451200, 450800, 450950, 451600, 
452550, 453600, 454650, 455600, 456550, 457650, 458950, 460500, 
462150, 463700, 464950, 465850, 466400, 466850, 467500, 468600, 
470000, 471550, 473200, 474750, 476150, 477550, 478900, 480450, 
482150, 484050, 486000, 488050, 490100, 492200, 494350, 496400, 
498350, 5e+05, 501100, 501600, 501550, 501200, 501050, 501350, 
502250, 503350, 504350, 505100, 505500, 505950, 506650, 507650, 
508950, 510500, 512100, 513750, 515250, 516400, 516950, 516850, 
516800, 517550, 519600, 523000, 527300, 531600, 535500, 538400, 
540200, 540950, 541000, 540800, 540450, 540400, 540950, 542100, 
543550, 545100, 546500, 547700, 548900, 549950, 550650, 550900, 
550750, 550300, 549850, 549550, 549450, 549650, 550150, 550950, 
551800, 552550, 553100, 553500, 553800, 554000, 554100, 554250, 
554500, 555000, 555700, 556600, 557550, 558300, 558650, 558600, 
558350, 557950, 557450, 556900, 556250, 555600, 555000, 554500, 
554100, 553950, 554100, 554700, 555600, 556700, 557800, 558650, 
559050, 559050, 558700, 558050, 557200, 556300, 555550, 555000, 
554800, 554850, 555150, 555750, 556550, 557550, 558700, 559800, 
560750, 561500, 562050, 562750, 563550, 564300, 565000, 565600, 
565950, 566150, 566200, 566250, 566300, 566350, 566550, 566800, 
567200, 567600, 567900, 568200, 568500, 568800, 568900, 568900, 
568850, 568800, 568900, 569350, 570300, 571450, 572600, 573500, 
574050, 574350, 574350, 574250, 574150, 574200, 574650, 575500, 
576850, 578600, 580650, 582650, 584250, 585300, 585500, 584800, 
583450, 582000, 580950, 580650, 581300, 582800, 584700, 586500, 
587950, 588800, 588950, 588550, 587750, 586900, 586200, 585650, 
585250, 584900, 584500, 584100, 583700, 583300, 582750, 582200, 
581800, 581700, 581900, 582300, 583000, 583800, 584700, 585600, 
586400, 586950, 587100, 586650, 585750, 584850, 584500, 584900, 
586000, 587550, 589200, 590650, 591700, 592400, 592900, 593250, 
593650, 594250, 595150, 596250, 597600, 599000, 600300, 601550, 
602750, 603900, 605050, 606200, 607500, 609050, 610650, 612250, 
613800, 615100, 616100, 616800, 613050, 613500, 613800, 614200, 
614650, 615450, 616850, 618750, 620850, 622750, 623950, 624200, 
625350, 624350, 622900, 621250, 619550, 618150, 617300, 617100, 
617700, 618750, 620050, 621350, 622350, 623100, 623400, 623100, 
622050, 620450, 618550, 616450, 614100, 611350, 608150, 604700, 
601250, 598300, 596000, 594400, 593250, 592450, 591800, 591200, 
590800, 590550, 590800, 591650, 593300, 595600, 598000, 600200, 
601950, 603300, 604500, 605850, 607350, 609050, 610950, 612850, 
614650, 616100, 616700, 616250, 615000, 613500, 612450, 612050, 
612250, 612600, 612750, 612600, 612400, 612200, 611800, 611150, 
610450, 610000, 610150, 611050, 612450, 613900, 614850, 615250, 
615350, 615550, 615900, 616300, 616500, 616600, 616900, 617650, 
618850, 620300, 621750, 623100, 625650, 626450, 628750, 40400, 
39900, 39300, 38600, 37800, 37100, 36550, 36150, 35900, 35750, 
35550, 35150, 34550, 33750, 32700, 31600, 30700, 30250, 30450, 
31200, 32000, 32550, 32550, 31900, 30850, 29550, 28450, 27800, 
27700, 27850, 28100, 28250, 28250, 27900, 27300, 26600, 25900, 
25400, 25150, 25000, 24850, 24650, 24400, 24150, 23850, 23450, 
22900, 22200, 21400, 20700, 20250, 20200, 20550, 21000, 21450, 
