vehicle <-
structure(c(8065.4, 8142.2, 8065.5, 7945.3, 7925.2, 7944.1, 8005.9, 
8003, 8090.2, 8215.2, 8525.7, 8754.3, 8937.3, 9325, 9734.6, 10129.1, 
10196.3, 10259.9, 10189.1, 10095.2, 10111, 9071, 9075, 9070, 
9063, 9056, 9051, 9050, 9050, 9055, 9058, 9058, 9052, 9050, 9046, 
9042, 9045, 9044, 9043, 9036, 9031, 9027), .Dim = c(21L, 2L), .Dimnames = list(
    NULL, c("MilesTraveled", "Mileage")), .Tsp = c(1990, 2010, 
1), class = c("mts", "ts", "matrix"))
