wage <-
structure(c(6876, 7424, 7677, 7989, 8479, 9087, 9767, 10347, 
10903, 11630, 12429, 13548, 14471, 15367, 16115, 16714, 17335, 
18069, 19060, 20454, 21635, 23109, 24051, 25532, 26544, 26718, 
26983, 27359, 28356, 29029, 29788, 30628, 31241, 32669, 33735, 
35191, 36347, 37784, 39465, 40664, 41328, 41681, 42454, 39.4, 
41.5, 43.2, 44.6, 46.6, 51.5, 56.3, 59.1, 62.1, 66.9, 74.3, 83, 
91.7, 97.2, 99.3, 103.5, 106.8, 109.4, 114.9, 121.7, 128.7, 138.1, 
148, 155.1, 160.1, 164.5, 168.1, 170.7, 171.9, 171.5, 173.3, 
176.3, 178.4, 180.3, 184.5, 190.6, 197.8, 209.4, 219.5, 228.9, 
230, 234.9, 243.622, 17452, 17889, 17771, 17913, 18195, 17645, 
17348, 17508, 17557, 17384, 16728, 16323, 15781, 15810, 16229, 
16149, 16231, 16516, 16588, 16807, 16810, 16734, 16251, 16462, 
16580, 16242, 16052, 16028, 16496, 16927, 17189, 17373, 17512, 
18119, 18285, 18463, 18376, 18044, 17979, 17768, 17965, 17746, 
17426), .Dim = c(43L, 3L), .Dimnames = list(NULL, c("Current", 
"HonoluluCPI", "Former")), .Tsp = c(1969, 2011, 1), class = c("mts", 
"ts", "matrix"))
