waste <-
structure(c(781L, 1139L, 1458L, 1224L, 987L), .Dim = c(5L, 1L
), .Dimnames = list(NULL, "waste"), .Tsp = c(2001, 2009, 0.5), class = "ts")
