wasteWater <-
structure(c(150, 150, 150, 150, 145, 24.6, 24.4, 23.91, 23.91, 
22.98, 0.164, 0.163, 0.159, 0.159, 0.159), .Dim = c(5L, 3L), .Dimnames = list(
    NULL, c("treat", "reuse", "perReuse")), .Tsp = c(2006, 2010, 
1), class = c("mts", "ts", "matrix"))
