water <-
structure(c(1341430, 1341430, 1416384, 1440715, 1471887, 1335929, 
1329748, 1411729, 1432116, 1470664, 0.996, 0.991, 0.997, 0.994, 
0.999), .Dim = c(5L, 3L), .Dimnames = list(NULL, c("waterS", 
"belowMCL", "percentage ")), .Tsp = c(2006, 2010, 1), class = c("mts", 
"ts", "matrix"))
