wPop3 <-
structure(list(Date = structure(c(43L, 43L, 43L, 43L, 43L, 43L, 
43L, 43L, 43L, 43L, 43L, 43L, 43L, 43L, 43L, 43L, 43L, 43L, 43L, 
43L, 50L, 50L, 50L, 50L, 50L, 50L, 50L, 50L, 50L, 50L, 50L, 50L, 
50L, 50L, 50L, 50L, 50L, 50L, 50L, 50L, 42L, 42L, 42L, 42L, 42L, 
42L, 42L, 42L, 42L, 42L, 42L, 42L, 42L, 42L, 42L, 42L, 42L, 42L, 
42L, 42L, 45L, 45L, 45L, 45L, 45L, 45L, 45L, 45L, 45L, 45L, 45L, 
45L, 45L, 45L, 45L, 45L, 45L, 45L, 45L, 45L, 47L, 47L, 47L, 47L, 
47L, 47L, 47L, 47L, 47L, 47L, 47L, 47L, 47L, 47L, 47L, 47L, 47L, 
47L, 47L, 47L, 60L, 60L, 60L, 60L, 60L, 60L, 60L, 60L, 60L, 60L, 
60L, 60L, 60L, 60L, 60L, 60L, 60L, 60L, 60L, 60L, 52L, 52L, 52L, 
52L, 52L, 52L, 52L, 52L, 52L, 52L, 52L, 52L, 52L, 52L, 52L, 52L, 
52L, 52L, 52L, 52L, 55L, 55L, 55L, 55L, 55L, 55L, 55L, 55L, 55L, 
55L, 55L, 55L, 55L, 55L, 55L, 55L, 55L, 55L, 55L, 55L, 57L, 57L, 
57L, 57L, 57L, 57L, 57L, 57L, 57L, 57L, 57L, 57L, 57L, 57L, 57L, 
57L, 57L, 57L, 57L, 57L, 64L, 64L, 64L, 64L, 64L, 64L, 64L, 64L, 
64L, 64L, 64L, 64L, 64L, 64L, 64L, 64L, 64L, 64L, 64L, 64L, 61L, 
61L, 61L, 61L, 61L, 61L, 61L, 61L, 61L, 61L, 61L, 61L, 61L, 61L, 
61L, 61L, 61L, 61L, 61L, 61L, 62L, 62L, 62L, 62L, 62L, 62L, 62L, 
62L, 62L, 62L, 62L, 62L, 62L, 62L, 62L, 62L, 62L, 62L, 62L, 62L, 
63L, 63L, 63L, 63L, 63L, 63L, 63L, 63L, 63L, 63L, 63L, 63L, 63L, 
63L, 63L, 63L, 63L, 63L, 63L, 63L, 5L, 5L, 5L, 5L, 5L, 5L, 5L, 
5L, 5L, 5L, 5L, 5L, 5L, 5L, 5L, 5L, 5L, 5L, 5L, 5L, 9L, 9L, 9L, 
9L, 9L, 9L, 9L, 9L, 9L, 9L, 9L, 9L, 9L, 9L, 9L, 9L, 9L, 9L, 9L, 
9L, 6L, 6L, 6L, 6L, 6L, 6L, 6L, 6L, 6L, 6L, 6L, 6L, 6L, 6L, 6L, 
6L, 6L, 6L, 6L, 6L, 7L, 7L, 7L, 7L, 7L, 7L, 7L, 7L, 7L, 7L, 7L, 
7L, 7L, 7L, 7L, 7L, 7L, 7L, 7L, 7L, 8L, 8L, 8L, 8L, 8L, 8L, 8L, 
8L, 8L, 8L, 8L, 8L, 8L, 8L, 8L, 8L, 8L, 8L, 8L, 8L, 13L, 13L, 
13L, 13L, 13L, 13L, 13L, 13L, 13L, 13L, 13L, 13L, 13L, 13L, 13L, 
13L, 13L, 13L, 13L, 13L, 10L, 10L, 10L, 10L, 10L, 10L, 10L, 10L, 
10L, 10L, 10L, 10L, 10L, 10L, 10L, 10L, 10L, 10L, 10L, 10L, 11L, 
11L, 11L, 11L, 11L, 11L, 11L, 11L, 11L, 11L, 11L, 11L, 11L, 11L, 
11L, 11L, 11L, 11L, 11L, 11L, 12L, 12L, 12L, 12L, 12L, 12L, 12L, 
12L, 12L, 12L, 12L, 12L, 12L, 12L, 12L, 12L, 12L, 12L, 12L, 12L, 
17L, 17L, 17L, 17L, 17L, 17L, 17L, 17L, 17L, 17L, 17L, 17L, 17L, 
17L, 17L, 17L, 17L, 17L, 17L, 17L, 14L, 14L, 14L, 14L, 14L, 14L, 
14L, 14L, 14L, 14L, 14L, 14L, 14L, 14L, 14L, 14L, 14L, 14L, 14L, 
14L, 15L, 15L, 15L, 15L, 15L, 15L, 15L, 15L, 15L, 15L, 15L, 15L, 
15L, 15L, 15L, 15L, 15L, 15L, 15L, 15L, 16L, 16L, 16L, 16L, 16L, 
16L, 16L, 16L, 16L, 16L, 16L, 16L, 16L, 16L, 16L, 16L, 16L, 16L, 
16L, 16L, 18L, 18L, 18L, 18L, 18L, 18L, 18L, 18L, 18L, 18L, 18L, 
18L, 18L, 18L, 18L, 18L, 18L, 18L, 18L, 18L, 4L, 4L, 4L, 4L, 
4L, 4L, 4L, 4L, 4L, 4L, 4L, 4L, 4L, 4L, 4L, 4L, 4L, 4L, 4L, 4L, 
1L, 1L, 1L, 1L, 1L, 1L, 1L, 1L, 1L, 1L, 1L, 1L, 1L, 1L, 1L, 1L, 
1L, 1L, 1L, 1L, 2L, 2L, 2L, 2L, 2L, 2L, 2L, 2L, 2L, 2L, 2L, 2L, 
2L, 2L, 2L, 2L, 2L, 2L, 2L, 2L, 3L, 3L, 3L, 3L, 3L, 3L, 3L, 3L, 
3L, 3L, 3L, 3L, 3L, 3L, 3L, 3L, 3L, 3L, 3L, 3L, 22L, 22L, 22L, 
22L, 22L, 22L, 22L, 22L, 22L, 22L, 22L, 22L, 22L, 22L, 22L, 22L, 
22L, 22L, 22L, 22L, 19L, 19L, 19L, 19L, 19L, 19L, 19L, 19L, 19L, 
19L, 19L, 19L, 19L, 19L, 19L, 19L, 19L, 19L, 19L, 19L, 20L, 20L, 
20L, 20L, 20L, 20L, 20L, 20L, 20L, 20L, 20L, 20L, 20L, 20L, 20L, 
20L, 20L, 20L, 20L, 20L, 21L, 21L, 21L, 21L, 21L, 21L, 21L, 21L, 
21L, 21L, 21L, 21L, 21L, 21L, 21L, 21L, 21L, 21L, 21L, 21L, 26L, 
26L, 26L, 26L, 26L, 26L, 26L, 26L, 26L, 26L, 26L, 26L, 26L, 26L, 
26L, 26L, 26L, 26L, 26L, 26L, 23L, 23L, 23L, 23L, 23L, 23L, 23L, 
23L, 23L, 23L, 23L, 23L, 23L, 23L, 23L, 23L, 23L, 23L, 23L, 23L, 
24L, 24L, 24L, 24L, 24L, 24L, 24L, 24L, 24L, 24L, 24L, 24L, 24L, 
24L, 24L, 24L, 24L, 24L, 24L, 24L, 25L, 25L, 25L, 25L, 25L, 25L, 
25L, 25L, 25L, 25L, 25L, 25L, 25L, 25L, 25L, 25L, 25L, 25L, 25L, 
25L, 27L, 27L, 27L, 27L, 27L, 27L, 27L, 27L, 27L, 27L, 27L, 27L, 
27L, 27L, 27L, 27L, 27L, 27L, 27L, 27L, 31L, 31L, 31L, 31L, 31L, 
31L, 31L, 31L, 31L, 31L, 31L, 31L, 31L, 31L, 31L, 31L, 31L, 31L, 
31L, 31L, 28L, 28L, 28L, 28L, 28L, 28L, 28L, 28L, 28L, 28L, 28L, 
28L, 28L, 28L, 28L, 28L, 28L, 28L, 28L, 28L, 29L, 29L, 29L, 29L, 
29L, 29L, 29L, 29L, 29L, 29L, 29L, 29L, 29L, 29L, 29L, 29L, 29L, 
29L, 29L, 29L, 30L, 30L, 30L, 30L, 30L, 30L, 30L, 30L, 30L, 30L, 
30L, 30L, 30L, 30L, 30L, 30L, 30L, 30L, 30L, 30L, 35L, 35L, 35L, 
35L, 35L, 35L, 35L, 35L, 35L, 35L, 35L, 35L, 35L, 35L, 35L, 35L, 
35L, 35L, 35L, 35L, 35L, 35L, 32L, 32L, 32L, 32L, 32L, 32L, 32L, 
32L, 32L, 32L, 32L, 32L, 32L, 32L, 32L, 32L, 32L, 32L, 32L, 32L, 
32L, 32L, 33L, 33L, 33L, 33L, 33L, 33L, 33L, 33L, 33L, 33L, 33L, 
33L, 33L, 33L, 33L, 33L, 33L, 33L, 33L, 33L, 33L, 33L, 34L, 34L, 
34L, 34L, 34L, 34L, 34L, 34L, 34L, 34L, 34L, 34L, 34L, 34L, 34L, 
34L, 34L, 34L, 34L, 34L, 34L, 34L, 39L, 39L, 39L, 39L, 39L, 39L, 
39L, 39L, 39L, 39L, 39L, 39L, 39L, 39L, 39L, 39L, 39L, 39L, 39L, 
39L, 39L, 39L, 36L, 36L, 36L, 36L, 36L, 36L, 36L, 36L, 36L, 36L, 
36L, 36L, 36L, 36L, 36L, 36L, 36L, 36L, 36L, 36L, 36L, 36L, 37L, 
37L, 37L, 37L, 37L, 37L, 37L, 37L, 37L, 37L, 37L, 37L, 37L, 37L, 
37L, 37L, 37L, 37L, 37L, 37L, 37L, 37L, 38L, 38L, 38L, 38L, 38L, 
38L, 38L, 38L, 38L, 38L, 38L, 38L, 38L, 38L, 38L, 38L, 38L, 38L, 
38L, 38L, 38L, 38L, 40L, 40L, 40L, 40L, 40L, 40L, 40L, 40L, 40L, 
40L, 40L, 40L, 40L, 40L, 40L, 40L, 40L, 40L, 40L, 40L, 40L, 40L, 
49L, 49L, 49L, 49L, 49L, 49L, 49L, 49L, 49L, 49L, 49L, 49L, 49L, 
49L, 49L, 49L, 49L, 49L, 49L, 49L, 49L, 49L, 41L, 41L, 41L, 41L, 
41L, 41L, 41L, 41L, 41L, 41L, 41L, 41L, 41L, 41L, 41L, 41L, 41L, 
41L, 41L, 41L, 41L, 41L, 44L, 44L, 44L, 44L, 44L, 44L, 44L, 44L, 
44L, 44L, 44L, 44L, 44L, 44L, 44L, 44L, 44L, 44L, 44L, 44L, 44L, 
44L, 46L, 46L, 46L, 46L, 46L, 46L, 46L, 46L, 46L, 46L, 46L, 46L, 
46L, 46L, 46L, 46L, 46L, 46L, 46L, 46L, 46L, 46L, 48L, 48L, 48L, 
48L, 48L, 48L, 48L, 48L, 48L, 48L, 48L, 48L, 48L, 48L, 48L, 48L, 
48L, 48L, 48L, 48L, 48L, 48L, 59L, 59L, 59L, 59L, 51L, 51L, 51L, 
51L, 51L, 51L, 51L, 51L, 51L, 51L, 51L, 51L, 51L, 51L, 51L, 51L, 
51L, 51L, 51L, 51L, 51L, 51L, 53L, 53L, 54L, 54L, 54L, 54L, 54L, 
54L, 54L, 54L, 56L, 56L, 56L, 56L, 56L, 56L, 56L, 56L, 56L, 56L, 
56L, 56L, 56L, 56L, 58L, 58L, 58L, 58L, 58L, 58L, 58L, 58L, 58L, 
58L, 58L), .Label = c("1/14/2013", "1/21/2013", "1/28/2013", 
"1/7/2013", "10/1/2012", "10/15/2012", "10/22/2012", "10/29/2012", 
"10/8/2012", "11/12/2012", "11/19/2012", "11/26/2012", "11/5/2012", 
"12/10/2012", "12/17/2012", "12/24/2012", "12/3/2012", "12/31/2012", 
"2/11/2013", "2/18/2013", "2/25/2013", "2/4/2013", "3/11/2013", 
"3/18/2013", "3/25/2013", "3/4/2013", "4/1/2013", "4/15/2013", 
"4/22/2013", "4/29/2013", "4/8/2013", "5/13/2013", "5/20/2013", 
"5/27/2013", "5/6/2013", "6/10/2013", "6/17/2013", "6/24/2013", 
"6/3/2013", "7/1/2013", "7/15/2013", "7/16/2012", "7/2/2012", 
"7/22/2013", "7/23/2012", "7/29/2013", "7/30/2012", "7/31/2013", 
"7/8/2013", "7/9/2012", "8/12/2013", "8/13/2012", "8/13/2013", 
"8/19/2013", "8/20/2012", "8/26/2013", "8/27/2012", "8/31/2013", 
"8/5/2013", "8/6/2012", "9/10/2012", "9/17/2012", "9/24/2012", 
"9/3/2012"), class = "factor"),